Vertex Count: 36

Data:

37.9735 0 30.3494 0 0 0 -1 0
-27.7796 0 30.3494 1 0 0 -1 0
-27.7796 0 -29.469 1 1 0 -1 0
-27.7796 0 -29.469 1 1 0 -1 0
37.9735 0 -29.469 0 1 0 -1 0
37.9735 0 30.3494 0 0 0 -1 0
37.9735 58.9074 30.3494 1 0 0 1 0
37.9735 58.9074 -29.469 1 1 0 1 0
-27.7796 58.9074 -29.469 0 1 0 1 0
-27.7796 58.9074 -29.469 0 1 0 1 0
-27.7796 58.9074 30.3494 0 0 0 1 0
37.9735 58.9074 30.3494 1 0 0 1 0
37.9735 58.9074 -29.469 1 0 0 0 -1
37.9735 0 -29.469 1 1 0 0 -1
-27.7796 0 -29.469 0 1 0 0 -1
-27.7796 0 -29.469 0 1 0 0 -1
-27.7796 58.9074 -29.469 0 0 0 0 -1
37.9735 58.9074 -29.469 1 0 0 0 -1
37.9735 58.9074 30.3494 1 0 1 0 0
37.9735 0 30.3494 1 1 1 0 0
37.9735 0 -29.469 0 1 1 0 0
37.9735 0 -29.469 0 1 1 0 0
37.9735 58.9074 -29.469 0 0 1 0 0
37.9735 58.9074 30.3494 1 0 1 0 0
-27.7796 58.9074 30.3494 1 0 0 0 1
-27.7796 0 30.3494 1 1 0 0 1
37.9735 0 30.3494 0 1 0 0 1
37.9735 0 30.3494 0 1 0 0 1
37.9735 58.9074 30.3494 0 0 0 0 1
-27.7796 58.9074 30.3494 1 0 0 0 1
-27.7796 58.9074 -29.469 1 0 -1 0 0
-27.7796 0 -29.469 1 1 -1 0 0
-27.7796 0 30.3494 0 1 -1 0 0
-27.7796 0 30.3494 0 1 -1 0 0
-27.7796 58.9074 30.3494 0 0 -1 0 0
-27.7796 58.9074 -29.469 1 0 -1 0 0
