Vertex Count: 1200

Data:

0.707949 -2.6932 0.514355 0.05 0.9 0.249965 -0.951071 0.18161
0.358387 -2.79693 0.260383 0.05 0.95 0.126539 -0.987692 0.091936
0.421309 -2.79693 0.136892 0 0.95 0.148755 -0.987692 0.048333
0.514355 -2.6932 0.707949 0.1 0.9 0.18161 -0.951071 0.249965
0.260383 -2.79693 0.358387 0.1 0.95 0.091936 -0.987692 0.126539
0.358387 -2.79693 0.260383 0.05 0.95 0.126539 -0.987692 0.091936
0.270412 -2.6932 0.832244 0.15 0.9 0.095478 -0.951071 0.293852
0.136892 -2.79693 0.421309 0.15 0.95 0.048334 -0.987692 0.148755
0.260383 -2.79693 0.358387 0.1 0.95 0.091936 -0.987692 0.126539
0 -2.6932 0.875073 0.2 0.9 -0 -0.951071 0.308974
0 -2.79693 0.44299 0.2 0.95 -0 -0.987692 0.15641
0.136892 -2.79693 0.421309 0.15 0.95 0.048334 -0.987692 0.148755
-0.270412 -2.6932 0.832244 0.25 0.9 -0.095478 -0.951071 0.293852
-0.136892 -2.79693 0.421309 0.25 0.95 -0.048334 -0.987692 0.148755
0 -2.79693 0.44299 0.2 0.95 -0 -0.987692 0.15641
-0.514355 -2.6932 0.707949 0.3 0.9 -0.18161 -0.951071 0.249965
-0.260383 -2.79693 0.358387 0.3 0.95 -0.091936 -0.987692 0.126539
-0.136892 -2.79693 0.421309 0.25 0.95 -0.048334 -0.987692 0.148755
-0.707949 -2.6932 0.514355 0.35 0.9 -0.249965 -0.951071 0.18161
-0.358387 -2.79693 0.260383 0.35 0.95 -0.126539 -0.987692 0.091936
-0.260383 -2.79693 0.358387 0.3 0.95 -0.091936 -0.987692 0.126539
-0.832244 -2.6932 0.270412 0.4 0.9 -0.293852 -0.951071 0.095478
-0.421309 -2.79693 0.136892 0.4 0.95 -0.148755 -0.987692 0.048333
-0.358387 -2.79693 0.260383 0.35 0.95 -0.126539 -0.987692 0.091936
-0.875073 -2.6932 -0 0.45 0.9 -0.308974 -0.951071 -0
-0.44299 -2.79693 -0 0.45 0.95 -0.156411 -0.987692 -0
-0.421309 -2.79693 0.136892 0.4 0.95 -0.148755 -0.987692 0.048333
-0.832244 -2.6932 -0.270412 0.5 0.9 -0.293852 -0.951071 -0.095478
-0.421309 -2.79693 -0.136892 0.5 0.95 -0.148755 -0.987692 -0.048333
-0.44299 -2.79693 -0 0.45 0.95 -0.156411 -0.987692 -0
-0.707949 -2.6932 -0.514355 0.55 0.9 -0.249965 -0.951071 -0.18161
-0.358387 -2.79693 -0.260383 0.55 0.95 -0.126539 -0.987692 -0.091935
-0.421309 -2.79693 -0.136892 0.5 0.95 -0.148755 -0.987692 -0.048333
-0.514355 -2.6932 -0.707949 0.6 0.9 -0.18161 -0.951071 -0.249965
-0.260383 -2.79693 -0.358387 0.6 0.95 -0.091936 -0.987692 -0.126538
-0.358387 -2.79693 -0.260383 0.55 0.95 -0.126539 -0.987692 -0.091935
-0.270412 -2.6932 -0.832244 0.65 0.9 -0.095478 -0.951071 -0.293852
-0.136892 -2.79693 -0.421309 0.65 0.95 -0.048334 -0.987692 -0.148756
-0.260383 -2.79693 -0.358387 0.6 0.95 -0.091936 -0.987692 -0.126538
0 -2.6932 -0.875073 0.7 0.9 0 -0.951071 -0.308974
0 -2.79693 -0.44299 0.7 0.95 0 -0.987692 -0.156411
-0.136892 -2.79693 -0.421309 0.65 0.95 -0.048334 -0.987692 -0.148756
0.270412 -2.6932 -0.832244 0.75 0.9 0.095478 -0.95107 -0.293852
0.136891 -2.79693 -0.421309 0.75 0.95 0.048334 -0.987692 -0.148756
0 -2.79693 -0.44299 0.7 0.95 0 -0.987692 -0.156411
0.514355 -2.6932 -0.707949 0.8 0.9 0.18161 -0.95107 -0.249966
0.260383 -2.79693 -0.358387 0.8 0.95 0.091936 -0.987692 -0.126539
0.136891 -2.79693 -0.421309 0.75 0.95 0.048334 -0.987692 -0.148756
0.707949 -2.6932 -0.514355 0.85 0.9 0.249965 -0.951071 -0.18161
0.358387 -2.79693 -0.260383 0.85 0.95 0.126539 -0.987692 -0.091936
0.260383 -2.79693 -0.358387 0.8 0.95 0.091936 -0.987692 -0.126539
0.832244 -2.6932 -0.270412 0.9 0.9 0.293852 -0.95107 -0.095478
0.421309 -2.79693 -0.136892 0.9 0.95 0.148755 -0.987692 -0.048333
0.358387 -2.79693 -0.260383 0.85 0.95 0.126539 -0.987692 -0.091936
0.875073 -2.6932 -0 0.95 0.9 0.308974 -0.951071 -0
0.44299 -2.79693 -0 0.95 0.95 0.156411 -0.987692 -0
0.421309 -2.79693 -0.136892 0.9 0.95 0.148755 -0.987692 -0.048333
0.832244 -2.6932 0.270412 1 0.9 0.293852 -0.951071 0.095478
0.421309 -2.79693 0.136892 1 0.95 0.148755 -0.987692 0.048333
0.44299 -2.79693 -0 0.95 0.95 0.156411 -0.987692 -0
1.04008 -2.52315 0.755662 0.05 0.85 0.367241 -0.891035 0.266816
0.707949 -2.6932 0.514355 0.05 0.9 0.249965 -0.951071 0.18161
0.832244 -2.6932 0.270412 0 0.9 0.293852 -0.951071 0.095478
0.755662 -2.52315 1.04008 0.1 0.85 0.266816 -0.891035 0.367241
0.514355 -2.6932 0.707949 0.1 0.9 0.18161 -0.951071 0.249965
0.707949 -2.6932 0.514355 0.05 0.9 0.249965 -0.951071 0.18161
0.397275 -2.52315 1.22269 0.15 0.85 0.140274 -0.891035 0.431718
0.270412 -2.6932 0.832244 0.15 0.9 0.095478 -0.951071 0.293852
0.514355 -2.6932 0.707949 0.1 0.9 0.18161 -0.951071 0.249965
0 -2.52315 1.28561 0.2 0.85 -0 -0.891035 0.453935
0 -2.6932 0.875073 0.2 0.9 -0 -0.951071 0.308974
0.270412 -2.6932 0.832244 0.15 0.9 0.095478 -0.951071 0.293852
-0.397275 -2.52315 1.22269 0.25 0.85 -0.140274 -0.891035 0.431718
-0.270412 -2.6932 0.832244 0.25 0.9 -0.095478 -0.951071 0.293852
0 -2.6932 0.875073 0.2 0.9 -0 -0.951071 0.308974
-0.755662 -2.52315 1.04008 0.3 0.85 -0.266816 -0.891035 0.367241
-0.514355 -2.6932 0.707949 0.3 0.9 -0.18161 -0.951071 0.249965
-0.270412 -2.6932 0.832244 0.25 0.9 -0.095478 -0.951071 0.293852
-1.04008 -2.52315 0.755661 0.35 0.85 -0.367241 -0.891035 0.266816
-0.707949 -2.6932 0.514355 0.35 0.9 -0.249965 -0.951071 0.18161
-0.514355 -2.6932 0.707949 0.3 0.9 -0.18161 -0.951071 0.249965
-1.22269 -2.52315 0.397275 0.4 0.85 -0.431718 -0.891035 0.140274
-0.832244 -2.6932 0.270412 0.4 0.9 -0.293852 -0.951071 0.095478
-0.707949 -2.6932 0.514355 0.35 0.9 -0.249965 -0.951071 0.18161
-1.28561 -2.52315 -0 0.45 0.85 -0.453935 -0.891035 0
-0.875073 -2.6932 -0 0.45 0.9 -0.308974 -0.951071 -0
-0.832244 -2.6932 0.270412 0.4 0.9 -0.293852 -0.951071 0.095478
-1.22269 -2.52315 -0.397275 0.5 0.85 -0.431718 -0.891035 -0.140274
-0.832244 -2.6932 -0.270412 0.5 0.9 -0.293852 -0.951071 -0.095478
-0.875073 -2.6932 -0 0.45 0.9 -0.308974 -0.951071 -0
-1.04008 -2.52315 -0.755661 0.55 0.85 -0.367241 -0.891035 -0.266817
-0.707949 -2.6932 -0.514355 0.55 0.9 -0.249965 -0.951071 -0.18161
-0.832244 -2.6932 -0.270412 0.5 0.9 -0.293852 -0.951071 -0.095478
-0.755661 -2.52315 -1.04008 0.6 0.85 -0.266816 -0.891035 -0.367241
-0.514355 -2.6932 -0.707949 0.6 0.9 -0.18161 -0.951071 -0.249965
-0.707949 -2.6932 -0.514355 0.55 0.9 -0.249965 -0.951071 -0.18161
-0.397275 -2.52315 -1.22269 0.65 0.85 -0.140274 -0.891035 -0.431718
-0.270412 -2.6932 -0.832244 0.65 0.9 -0.095478 -0.951071 -0.293852
-0.514355 -2.6932 -0.707949 0.6 0.9 -0.18161 -0.951071 -0.249965
0 -2.52315 -1.28561 0.7 0.85 0 -0.891035 -0.453935
0 -2.6932 -0.875073 0.7 0.9 0 -0.951071 -0.308974
-0.270412 -2.6932 -0.832244 0.65 0.9 -0.095478 -0.951071 -0.293852
0.397275 -2.52315 -1.22269 0.75 0.85 0.140274 -0.891035 -0.431718
0.270412 -2.6932 -0.832244 0.75 0.9 0.095478 -0.95107 -0.293852
0 -2.6932 -0.875073 0.7 0.9 0 -0.951071 -0.308974
0.755661 -2.52315 -1.04008 0.8 0.85 0.266816 -0.891035 -0.367241
0.514355 -2.6932 -0.707949 0.8 0.9 0.18161 -0.95107 -0.249966
0.270412 -2.6932 -0.832244 0.75 0.9 0.095478 -0.95107 -0.293852
1.04008 -2.52315 -0.755661 0.85 0.85 0.367241 -0.891035 -0.266816
0.707949 -2.6932 -0.514355 0.85 0.9 0.249965 -0.951071 -0.18161
0.514355 -2.6932 -0.707949 0.8 0.9 0.18161 -0.95107 -0.249966
1.22269 -2.52315 -0.397275 0.9 0.85 0.431718 -0.891035 -0.140274
0.832244 -2.6932 -0.270412 0.9 0.9 0.293852 -0.95107 -0.095478
0.707949 -2.6932 -0.514355 0.85 0.9 0.249965 -0.951071 -0.18161
1.28561 -2.52315 -0 0.95 0.85 0.453935 -0.891035 -0
0.875073 -2.6932 -0 0.95 0.9 0.308974 -0.951071 -0
0.832244 -2.6932 -0.270412 0.9 0.9 0.293852 -0.95107 -0.095478
1.22269 -2.52315 0.397275 1 0.85 0.431718 -0.891035 0.140273
0.832244 -2.6932 0.270412 1 0.9 0.293852 -0.951071 0.095478
0.875073 -2.6932 -0 0.95 0.9 0.308974 -0.951071 -0
1.3466 -2.29097 0.978361 0.05 0.8 0.47548 -0.80906 0.345457
1.04008 -2.52315 0.755662 0.05 0.85 0.367241 -0.891035 0.266816
1.22269 -2.52315 0.397275 0 0.85 0.431718 -0.891035 0.140273
0.978361 -2.29097 1.3466 0.1 0.8 0.345457 -0.80906 0.475481
0.755662 -2.52315 1.04008 0.1 0.85 0.266816 -0.891035 0.367241
1.04008 -2.52315 0.755662 0.05 0.85 0.367241 -0.891035 0.266816
0.514355 -2.29097 1.58302 0.15 0.8 0.181617 -0.80906 0.558961
0.397275 -2.52315 1.22269 0.15 0.85 0.140274 -0.891035 0.431718
0.755662 -2.52315 1.04008 0.1 0.85 0.266816 -0.891035 0.367241
0 -2.29097 1.66449 0.2 0.8 -0 -0.80906 0.587726
0 -2.52315 1.28561 0.2 0.85 -0 -0.891035 0.453935
0.397275 -2.52315 1.22269 0.15 0.85 0.140274 -0.891035 0.431718
-0.514355 -2.29097 1.58302 0.25 0.8 -0.181618 -0.80906 0.558961
-0.397275 -2.52315 1.22269 0.25 0.85 -0.140274 -0.891035 0.431718
0 -2.52315 1.28561 0.2 0.85 -0 -0.891035 0.453935
-0.978361 -2.29097 1.3466 0.3 0.8 -0.345457 -0.80906 0.475481
-0.755662 -2.52315 1.04008 0.3 0.85 -0.266816 -0.891035 0.367241
-0.397275 -2.52315 1.22269 0.25 0.85 -0.140274 -0.891035 0.431718
-1.3466 -2.29097 0.978361 0.35 0.8 -0.475481 -0.80906 0.345457
-1.04008 -2.52315 0.755661 0.35 0.85 -0.367241 -0.891035 0.266816
-0.755662 -2.52315 1.04008 0.3 0.85 -0.266816 -0.891035 0.367241
-1.58302 -2.29097 0.514355 0.4 0.8 -0.558961 -0.80906 0.181617
-1.22269 -2.52315 0.397275 0.4 0.85 -0.431718 -0.891035 0.140274
-1.04008 -2.52315 0.755661 0.35 0.85 -0.367241 -0.891035 0.266816
-1.66449 -2.29097 -0 0.45 0.8 -0.587726 -0.80906 -0
-1.28561 -2.52315 -0 0.45 0.85 -0.453935 -0.891035 0
-1.22269 -2.52315 0.397275 0.4 0.85 -0.431718 -0.891035 0.140274
-1.58302 -2.29097 -0.514355 0.5 0.8 -0.558961 -0.80906 -0.181617
-1.22269 -2.52315 -0.397275 0.5 0.85 -0.431718 -0.891035 -0.140274
-1.28561 -2.52315 -0 0.45 0.85 -0.453935 -0.891035 0
-1.3466 -2.29097 -0.978361 0.55 0.8 -0.475481 -0.80906 -0.345457
-1.04008 -2.52315 -0.755661 0.55 0.85 -0.367241 -0.891035 -0.266817
-1.22269 -2.52315 -0.397275 0.5 0.85 -0.431718 -0.891035 -0.140274
-0.978361 -2.29097 -1.3466 0.6 0.8 -0.345457 -0.80906 -0.475481
-0.755661 -2.52315 -1.04008 0.6 0.85 -0.266816 -0.891035 -0.367241
-1.04008 -2.52315 -0.755661 0.55 0.85 -0.367241 -0.891035 -0.266817
-0.514355 -2.29097 -1.58302 0.65 0.8 -0.181617 -0.80906 -0.558961
-0.397275 -2.52315 -1.22269 0.65 0.85 -0.140274 -0.891035 -0.431718
-0.755661 -2.52315 -1.04008 0.6 0.85 -0.266816 -0.891035 -0.367241
0 -2.29097 -1.66449 0.7 0.8 0 -0.80906 -0.587726
0 -2.52315 -1.28561 0.7 0.85 0 -0.891035 -0.453935
-0.397275 -2.52315 -1.22269 0.65 0.85 -0.140274 -0.891035 -0.431718
0.514355 -2.29097 -1.58302 0.75 0.8 0.181617 -0.80906 -0.558961
0.397275 -2.52315 -1.22269 0.75 0.85 0.140274 -0.891035 -0.431718
0 -2.52315 -1.28561 0.7 0.85 0 -0.891035 -0.453935
0.978361 -2.29097 -1.3466 0.8 0.8 0.345457 -0.80906 -0.47548
0.755661 -2.52315 -1.04008 0.8 0.85 0.266816 -0.891035 -0.367241
0.397275 -2.52315 -1.22269 0.75 0.85 0.140274 -0.891035 -0.431718
1.3466 -2.29097 -0.978361 0.85 0.8 0.475481 -0.80906 -0.345457
1.04008 -2.52315 -0.755661 0.85 0.85 0.367241 -0.891035 -0.266816
0.755661 -2.52315 -1.04008 0.8 0.85 0.266816 -0.891035 -0.367241
1.58302 -2.29097 -0.514355 0.9 0.8 0.558961 -0.80906 -0.181617
1.22269 -2.52315 -0.397275 0.9 0.85 0.431718 -0.891035 -0.140274
1.04008 -2.52315 -0.755661 0.85 0.85 0.367241 -0.891035 -0.266816
1.66449 -2.29097 -0 0.95 0.8 0.587726 -0.80906 -1e-006
1.28561 -2.52315 -0 0.95 0.85 0.453935 -0.891035 -0
1.22269 -2.52315 -0.397275 0.9 0.85 0.431718 -0.891035 -0.140274
1.58302 -2.29097 0.514355 1 0.8 0.558961 -0.80906 0.181617
1.22269 -2.52315 0.397275 1 0.85 0.431718 -0.891035 0.140273
1.28561 -2.52315 -0 0.95 0.85 0.453935 -0.891035 -0
1.61996 -2.00238 1.17697 0.05 0.75 0.572017 -0.707161 0.415595
1.3466 -2.29097 0.978361 0.05 0.8 0.47548 -0.80906 0.345457
1.58302 -2.29097 0.514355 0 0.8 0.558961 -0.80906 0.181617
1.17697 -2.00238 1.61996 0.1 0.75 0.415595 -0.707161 0.572018
0.978361 -2.29097 1.3466 0.1 0.8 0.345457 -0.80906 0.475481
1.3466 -2.29097 0.978361 0.05 0.8 0.47548 -0.80906 0.345457
0.61877 -2.00238 1.90438 0.15 0.75 0.218491 -0.707161 0.672447
0.514355 -2.29097 1.58302 0.15 0.8 0.181617 -0.80906 0.558961
0.978361 -2.29097 1.3466 0.1 0.8 0.345457 -0.80906 0.475481
0 -2.00238 2.00238 0.2 0.75 -0 -0.707161 0.707053
0 -2.29097 1.66449 0.2 0.8 -0 -0.80906 0.587726
0.514355 -2.29097 1.58302 0.15 0.8 0.181617 -0.80906 0.558961
-0.61877 -2.00238 1.90438 0.25 0.75 -0.218491 -0.707161 0.672447
-0.514355 -2.29097 1.58302 0.25 0.8 -0.181618 -0.80906 0.558961
0 -2.29097 1.66449 0.2 0.8 -0 -0.80906 0.587726
-1.17697 -2.00238 1.61996 0.3 0.75 -0.415595 -0.707161 0.572018
-0.978361 -2.29097 1.3466 0.3 0.8 -0.345457 -0.80906 0.475481
-0.514355 -2.29097 1.58302 0.25 0.8 -0.181618 -0.80906 0.558961
-1.61996 -2.00238 1.17697 0.35 0.75 -0.572018 -0.707161 0.415595
-1.3466 -2.29097 0.978361 0.35 0.8 -0.475481 -0.80906 0.345457
-0.978361 -2.29097 1.3466 0.3 0.8 -0.345457 -0.80906 0.475481
-1.90438 -2.00238 0.61877 0.4 0.75 -0.672447 -0.707161 0.218491
-1.58302 -2.29097 0.514355 0.4 0.8 -0.558961 -0.80906 0.181617
-1.3466 -2.29097 0.978361 0.35 0.8 -0.475481 -0.80906 0.345457
-2.00238 -2.00238 -0 0.45 0.75 -0.707053 -0.707161 -0
-1.66449 -2.29097 -0 0.45 0.8 -0.587726 -0.80906 -0
-1.58302 -2.29097 0.514355 0.4 0.8 -0.558961 -0.80906 0.181617
-1.90438 -2.00238 -0.61877 0.5 0.75 -0.672447 -0.707161 -0.218491
-1.58302 -2.29097 -0.514355 0.5 0.8 -0.558961 -0.80906 -0.181617
-1.66449 -2.29097 -0 0.45 0.8 -0.587726 -0.80906 -0
-1.61996 -2.00238 -1.17697 0.55 0.75 -0.572018 -0.707161 -0.415595
-1.3466 -2.29097 -0.978361 0.55 0.8 -0.475481 -0.80906 -0.345457
-1.58302 -2.29097 -0.514355 0.5 0.8 -0.558961 -0.80906 -0.181617
-1.17697 -2.00238 -1.61996 0.6 0.75 -0.415595 -0.707161 -0.572018
-0.978361 -2.29097 -1.3466 0.6 0.8 -0.345457 -0.80906 -0.475481
-1.3466 -2.29097 -0.978361 0.55 0.8 -0.475481 -0.80906 -0.345457
-0.61877 -2.00238 -1.90438 0.65 0.75 -0.218491 -0.707161 -0.672447
-0.514355 -2.29097 -1.58302 0.65 0.8 -0.181617 -0.80906 -0.558961
-0.978361 -2.29097 -1.3466 0.6 0.8 -0.345457 -0.80906 -0.475481
0 -2.00238 -2.00238 0.7 0.75 0 -0.707161 -0.707053
0 -2.29097 -1.66449 0.7 0.8 0 -0.80906 -0.587726
-0.514355 -2.29097 -1.58302 0.65 0.8 -0.181617 -0.80906 -0.558961
0.61877 -2.00238 -1.90438 0.75 0.75 0.218491 -0.707161 -0.672447
0.514355 -2.29097 -1.58302 0.75 0.8 0.181617 -0.80906 -0.558961
0 -2.29097 -1.66449 0.7 0.8 0 -0.80906 -0.587726
1.17697 -2.00238 -1.61996 0.8 0.75 0.415595 -0.707161 -0.572018
0.978361 -2.29097 -1.3466 0.8 0.8 0.345457 -0.80906 -0.47548
0.514355 -2.29097 -1.58302 0.75 0.8 0.181617 -0.80906 -0.558961
1.61996 -2.00238 -1.17697 0.85 0.75 0.572018 -0.707161 -0.415595
1.3466 -2.29097 -0.978361 0.85 0.8 0.475481 -0.80906 -0.345457
0.978361 -2.29097 -1.3466 0.8 0.8 0.345457 -0.80906 -0.47548
1.90438 -2.00238 -0.61877 0.9 0.75 0.672447 -0.707161 -0.218491
1.58302 -2.29097 -0.514355 0.9 0.8 0.558961 -0.80906 -0.181617
1.3466 -2.29097 -0.978361 0.85 0.8 0.475481 -0.80906 -0.345457
2.00238 -2.00238 -0 0.95 0.75 0.707053 -0.707161 -1e-006
1.66449 -2.29097 -0 0.95 0.8 0.587726 -0.80906 -1e-006
1.58302 -2.29097 -0.514355 0.9 0.8 0.558961 -0.80906 -0.181617
1.90438 -2.00238 0.61877 1 0.75 0.672447 -0.707161 0.21849
1.58302 -2.29097 0.514355 1 0.8 0.558961 -0.80906 0.181617
1.66449 -2.29097 -0 0.95 0.8 0.587726 -0.80906 -1e-006
1.85344 -1.66449 1.3466 0.05 0.7 0.654474 -0.587844 0.475503
1.61996 -2.00238 1.17697 0.05 0.75 0.572017 -0.707161 0.415595
1.90438 -2.00238 0.61877 0 0.75 0.672447 -0.707161 0.21849
1.3466 -1.66449 1.85343 0.1 0.7 0.475503 -0.587844 0.654474
1.17697 -2.00238 1.61996 0.1 0.75 0.415595 -0.707161 0.572018
1.61996 -2.00238 1.17697 0.05 0.75 0.572017 -0.707161 0.415595
0.707949 -1.66449 2.17884 0.15 0.7 0.249987 -0.587844 0.76938
0.61877 -2.00238 1.90438 0.15 0.75 0.218491 -0.707161 0.672447
1.17697 -2.00238 1.61996 0.1 0.75 0.415595 -0.707161 0.572018
0 -1.66449 2.29097 0.2 0.7 -0 -0.587844 0.808974
0 -2.00238 2.00238 0.2 0.75 -0 -0.707161 0.707053
0.61877 -2.00238 1.90438 0.15 0.75 0.218491 -0.707161 0.672447
-0.707949 -1.66449 2.17884 0.25 0.7 -0.249987 -0.587844 0.76938
-0.61877 -2.00238 1.90438 0.25 0.75 -0.218491 -0.707161 0.672447
0 -2.00238 2.00238 0.2 0.75 -0 -0.707161 0.707053
-1.3466 -1.66449 1.85343 0.3 0.7 -0.475503 -0.587844 0.654474
-1.17697 -2.00238 1.61996 0.3 0.75 -0.415595 -0.707161 0.572018
-0.61877 -2.00238 1.90438 0.25 0.75 -0.218491 -0.707161 0.672447
-1.85343 -1.66449 1.3466 0.35 0.7 -0.654474 -0.587844 0.475503
-1.61996 -2.00238 1.17697 0.35 0.75 -0.572018 -0.707161 0.415595
-1.17697 -2.00238 1.61996 0.3 0.75 -0.415595 -0.707161 0.572018
-2.17884 -1.66449 0.707949 0.4 0.7 -0.76938 -0.587844 0.249987
-1.90438 -2.00238 0.61877 0.4 0.75 -0.672447 -0.707161 0.218491
-1.61996 -2.00238 1.17697 0.35 0.75 -0.572018 -0.707161 0.415595
-2.29097 -1.66449 -0 0.45 0.7 -0.808974 -0.587844 -0
-2.00238 -2.00238 -0 0.45 0.75 -0.707053 -0.707161 -0
-1.90438 -2.00238 0.61877 0.4 0.75 -0.672447 -0.707161 0.218491
-2.17884 -1.66449 -0.707949 0.5 0.7 -0.76938 -0.587844 -0.249987
-1.90438 -2.00238 -0.61877 0.5 0.75 -0.672447 -0.707161 -0.218491
-2.00238 -2.00238 -0 0.45 0.75 -0.707053 -0.707161 -0
-1.85343 -1.66449 -1.3466 0.55 0.7 -0.654474 -0.587844 -0.475503
-1.61996 -2.00238 -1.17697 0.55 0.75 -0.572018 -0.707161 -0.415595
-1.90438 -2.00238 -0.61877 0.5 0.75 -0.672447 -0.707161 -0.218491
-1.3466 -1.66449 -1.85343 0.6 0.7 -0.475503 -0.587844 -0.654474
-1.17697 -2.00238 -1.61996 0.6 0.75 -0.415595 -0.707161 -0.572018
-1.61996 -2.00238 -1.17697 0.55 0.75 -0.572018 -0.707161 -0.415595
-0.707949 -1.66449 -2.17884 0.65 0.7 -0.249987 -0.587844 -0.76938
-0.61877 -2.00238 -1.90438 0.65 0.75 -0.218491 -0.707161 -0.672447
-1.17697 -2.00238 -1.61996 0.6 0.75 -0.415595 -0.707161 -0.572018
0 -1.66449 -2.29097 0.7 0.7 0 -0.587844 -0.808974
0 -2.00238 -2.00238 0.7 0.75 0 -0.707161 -0.707053
-0.61877 -2.00238 -1.90438 0.65 0.75 -0.218491 -0.707161 -0.672447
0.707949 -1.66449 -2.17884 0.75 0.7 0.249987 -0.587844 -0.769381
0.61877 -2.00238 -1.90438 0.75 0.75 0.218491 -0.707161 -0.672447
0 -2.00238 -2.00238 0.7 0.75 0 -0.707161 -0.707053
1.3466 -1.66449 -1.85343 0.8 0.7 0.475503 -0.587844 -0.654474
1.17697 -2.00238 -1.61996 0.8 0.75 0.415595 -0.707161 -0.572018
0.61877 -2.00238 -1.90438 0.75 0.75 0.218491 -0.707161 -0.672447
1.85343 -1.66449 -1.3466 0.85 0.7 0.654474 -0.587844 -0.475503
1.61996 -2.00238 -1.17697 0.85 0.75 0.572018 -0.707161 -0.415595
1.17697 -2.00238 -1.61996 0.8 0.75 0.415595 -0.707161 -0.572018
2.17884 -1.66449 -0.707949 0.9 0.7 0.76938 -0.587844 -0.249987
1.90438 -2.00238 -0.61877 0.9 0.75 0.672447 -0.707161 -0.218491
1.61996 -2.00238 -1.17697 0.85 0.75 0.572018 -0.707161 -0.415595
2.29097 -1.66449 -0 0.95 0.7 0.808975 -0.587844 -1e-006
2.00238 -2.00238 -0 0.95 0.75 0.707053 -0.707161 -1e-006
1.90438 -2.00238 -0.61877 0.9 0.75 0.672447 -0.707161 -0.218491
2.17884 -1.66449 0.707949 1 0.7 0.769381 -0.587844 0.249986
1.90438 -2.00238 0.61877 1 0.75 0.672447 -0.707161 0.21849
2.00238 -2.00238 -0 0.95 0.75 0.707053 -0.707161 -1e-006
2.04127 -1.28561 1.48307 0.05 0.65 0.720817 -0.454045 0.523704
1.85344 -1.66449 1.3466 0.05 0.7 0.654474 -0.587844 0.475503
2.17884 -1.66449 0.707949 0 0.7 0.769381 -0.587844 0.249986
1.48307 -1.28561 2.04127 0.1 0.65 0.523704 -0.454045 0.720817
1.3466 -1.66449 1.85343 0.1 0.7 0.475503 -0.587844 0.654474
1.85344 -1.66449 1.3466 0.05 0.7 0.654474 -0.587844 0.475503
0.779696 -1.28561 2.39966 0.15 0.65 0.275327 -0.454045 0.847371
0.707949 -1.66449 2.17884 0.15 0.7 0.249987 -0.587844 0.76938
1.3466 -1.66449 1.85343 0.1 0.7 0.475503 -0.587844 0.654474
0 -1.28561 2.52315 0.2 0.65 -0 -0.454045 0.890979
0 -1.66449 2.29097 0.2 0.7 -0 -0.587844 0.808974
0.707949 -1.66449 2.17884 0.15 0.7 0.249987 -0.587844 0.76938
-0.779696 -1.28561 2.39966 0.25 0.65 -0.275328 -0.454045 0.847371
-0.707949 -1.66449 2.17884 0.25 0.7 -0.249987 -0.587844 0.76938
0 -1.66449 2.29097 0.2 0.7 -0 -0.587844 0.808974
-1.48307 -1.28561 2.04127 0.3 0.65 -0.523704 -0.454045 0.720817
-1.3466 -1.66449 1.85343 0.3 0.7 -0.475503 -0.587844 0.654474
-0.707949 -1.66449 2.17884 0.25 0.7 -0.249987 -0.587844 0.76938
-2.04127 -1.28561 1.48307 0.35 0.65 -0.720817 -0.454045 0.523704
-1.85343 -1.66449 1.3466 0.35 0.7 -0.654474 -0.587844 0.475503
-1.3466 -1.66449 1.85343 0.3 0.7 -0.475503 -0.587844 0.654474
-2.39966 -1.28561 0.779696 0.4 0.65 -0.847371 -0.454046 0.275327
-2.17884 -1.66449 0.707949 0.4 0.7 -0.76938 -0.587844 0.249987
-1.85343 -1.66449 1.3466 0.35 0.7 -0.654474 -0.587844 0.475503
-2.52315 -1.28561 -0 0.45 0.65 -0.890978 -0.454046 -0
-2.29097 -1.66449 -0 0.45 0.7 -0.808974 -0.587844 -0
-2.17884 -1.66449 0.707949 0.4 0.7 -0.76938 -0.587844 0.249987
-2.39966 -1.28561 -0.779696 0.5 0.65 -0.847371 -0.454046 -0.275328
-2.17884 -1.66449 -0.707949 0.5 0.7 -0.76938 -0.587844 -0.249987
-2.29097 -1.66449 -0 0.45 0.7 -0.808974 -0.587844 -0
-2.04127 -1.28561 -1.48307 0.55 0.65 -0.720817 -0.454045 -0.523704
-1.85343 -1.66449 -1.3466 0.55 0.7 -0.654474 -0.587844 -0.475503
-2.17884 -1.66449 -0.707949 0.5 0.7 -0.76938 -0.587844 -0.249987
-1.48307 -1.28561 -2.04127 0.6 0.65 -0.523704 -0.454045 -0.720817
-1.3466 -1.66449 -1.85343 0.6 0.7 -0.475503 -0.587844 -0.654474
-1.85343 -1.66449 -1.3466 0.55 0.7 -0.654474 -0.587844 -0.475503
-0.779696 -1.28561 -2.39966 0.65 0.65 -0.275327 -0.454045 -0.847371
-0.707949 -1.66449 -2.17884 0.65 0.7 -0.249987 -0.587844 -0.76938
-1.3466 -1.66449 -1.85343 0.6 0.7 -0.475503 -0.587844 -0.654474
0 -1.28561 -2.52315 0.7 0.65 0 -0.454045 -0.890979
0 -1.66449 -2.29097 0.7 0.7 0 -0.587844 -0.808974
-0.707949 -1.66449 -2.17884 0.65 0.7 -0.249987 -0.587844 -0.76938
0.779695 -1.28561 -2.39966 0.75 0.65 0.275328 -0.454045 -0.847371
0.707949 -1.66449 -2.17884 0.75 0.7 0.249987 -0.587844 -0.769381
0 -1.66449 -2.29097 0.7 0.7 0 -0.587844 -0.808974
1.48307 -1.28561 -2.04127 0.8 0.65 0.523704 -0.454045 -0.720817
1.3466 -1.66449 -1.85343 0.8 0.7 0.475503 -0.587844 -0.654474
0.707949 -1.66449 -2.17884 0.75 0.7 0.249987 -0.587844 -0.769381
2.04127 -1.28561 -1.48307 0.85 0.65 0.720817 -0.454045 -0.523704
1.85343 -1.66449 -1.3466 0.85 0.7 0.654474 -0.587844 -0.475503
1.3466 -1.66449 -1.85343 0.8 0.7 0.475503 -0.587844 -0.654474
2.39966 -1.28561 -0.779695 0.9 0.65 0.847371 -0.454045 -0.275328
2.17884 -1.66449 -0.707949 0.9 0.7 0.76938 -0.587844 -0.249987
1.85343 -1.66449 -1.3466 0.85 0.7 0.654474 -0.587844 -0.475503
2.52315 -1.28561 -0 0.95 0.65 0.890979 -0.454045 -1e-006
2.29097 -1.66449 -0 0.95 0.7 0.808975 -0.587844 -1e-006
2.17884 -1.66449 -0.707949 0.9 0.7 0.76938 -0.587844 -0.249987
2.39966 -1.28561 0.779696 1 0.65 0.847371 -0.454045 0.275327
2.17884 -1.66449 0.707949 1 0.7 0.769381 -0.587844 0.249986
2.29097 -1.66449 -0 0.95 0.7 0.808975 -0.587844 -1e-006
2.17884 -0.875072 1.58302 0.05 0.6 0.76941 -0.30906 0.559009
2.04127 -1.28561 1.48307 0.05 0.65 0.720817 -0.454045 0.523704
2.39966 -1.28561 0.779696 0 0.65 0.847371 -0.454045 0.275327
1.58302 -0.875072 2.17884 0.1 0.6 0.559009 -0.309059 0.76941
1.48307 -1.28561 2.04127 0.1 0.65 0.523704 -0.454045 0.720817
2.04127 -1.28561 1.48307 0.05 0.65 0.720817 -0.454045 0.523704
0.832244 -0.875072 2.56138 0.15 0.6 0.293888 -0.309059 0.904496
0.779696 -1.28561 2.39966 0.15 0.65 0.275327 -0.454045 0.847371
1.48307 -1.28561 2.04127 0.1 0.65 0.523704 -0.454045 0.720817
0 -0.875072 2.6932 0.2 0.6 -0 -0.30906 0.951043
0 -1.28561 2.52315 0.2 0.65 -0 -0.454045 0.890979
0.779696 -1.28561 2.39966 0.15 0.65 0.275327 -0.454045 0.847371
-0.832244 -0.875072 2.56138 0.25 0.6 -0.293888 -0.30906 0.904495
-0.779696 -1.28561 2.39966 0.25 0.65 -0.275328 -0.454045 0.847371
0 -1.28561 2.52315 0.2 0.65 -0 -0.454045 0.890979
-1.58302 -0.875072 2.17884 0.3 0.6 -0.559009 -0.309059 0.76941
-1.48307 -1.28561 2.04127 0.3 0.65 -0.523704 -0.454045 0.720817
-0.779696 -1.28561 2.39966 0.25 0.65 -0.275328 -0.454045 0.847371
-2.17884 -0.875072 1.58302 0.35 0.6 -0.76941 -0.309059 0.559009
-2.04127 -1.28561 1.48307 0.35 0.65 -0.720817 -0.454045 0.523704
-1.48307 -1.28561 2.04127 0.3 0.65 -0.523704 -0.454045 0.720817
-2.56138 -0.875072 0.832244 0.4 0.6 -0.904496 -0.309059 0.293888
-2.39966 -1.28561 0.779696 0.4 0.65 -0.847371 -0.454046 0.275327
-2.04127 -1.28561 1.48307 0.35 0.65 -0.720817 -0.454045 0.523704
-2.6932 -0.875072 -0 0.45 0.6 -0.951043 -0.309059 0
-2.52315 -1.28561 -0 0.45 0.65 -0.890978 -0.454046 -0
-2.39966 -1.28561 0.779696 0.4 0.65 -0.847371 -0.454046 0.275327
-2.56138 -0.875072 -0.832244 0.5 0.6 -0.904496 -0.309059 -0.293888
-2.39966 -1.28561 -0.779696 0.5 0.65 -0.847371 -0.454046 -0.275328
-2.52315 -1.28561 -0 0.45 0.65 -0.890978 -0.454046 -0
-2.17884 -0.875072 -1.58302 0.55 0.6 -0.76941 -0.309059 -0.559009
-2.04127 -1.28561 -1.48307 0.55 0.65 -0.720817 -0.454045 -0.523704
-2.39966 -1.28561 -0.779696 0.5 0.65 -0.847371 -0.454046 -0.275328
-1.58302 -0.875072 -2.17884 0.6 0.6 -0.559009 -0.309059 -0.76941
-1.48307 -1.28561 -2.04127 0.6 0.65 -0.523704 -0.454045 -0.720817
-2.04127 -1.28561 -1.48307 0.55 0.65 -0.720817 -0.454045 -0.523704
-0.832244 -0.875072 -2.56138 0.65 0.6 -0.293888 -0.309059 -0.904496
-0.779696 -1.28561 -2.39966 0.65 0.65 -0.275327 -0.454045 -0.847371
-1.48307 -1.28561 -2.04127 0.6 0.65 -0.523704 -0.454045 -0.720817
0 -0.875072 -2.6932 0.7 0.6 0 -0.309059 -0.951043
0 -1.28561 -2.52315 0.7 0.65 0 -0.454045 -0.890979
-0.779696 -1.28561 -2.39966 0.65 0.65 -0.275327 -0.454045 -0.847371
0.832243 -0.875072 -2.56138 0.75 0.6 0.293888 -0.309059 -0.904496
0.779695 -1.28561 -2.39966 0.75 0.65 0.275328 -0.454045 -0.847371
0 -1.28561 -2.52315 0.7 0.65 0 -0.454045 -0.890979
1.58302 -0.875072 -2.17884 0.8 0.6 0.559009 -0.309059 -0.76941
1.48307 -1.28561 -2.04127 0.8 0.65 0.523704 -0.454045 -0.720817
0.779695 -1.28561 -2.39966 0.75 0.65 0.275328 -0.454045 -0.847371
2.17884 -0.875072 -1.58302 0.85 0.6 0.76941 -0.309059 -0.559009
2.04127 -1.28561 -1.48307 0.85 0.65 0.720817 -0.454045 -0.523704
1.48307 -1.28561 -2.04127 0.8 0.65 0.523704 -0.454045 -0.720817
2.56138 -0.875072 -0.832244 0.9 0.6 0.904496 -0.309059 -0.293888
2.39966 -1.28561 -0.779695 0.9 0.65 0.847371 -0.454045 -0.275328
2.04127 -1.28561 -1.48307 0.85 0.65 0.720817 -0.454045 -0.523704
2.6932 -0.875072 -0 0.95 0.6 0.951043 -0.30906 -1e-006
2.52315 -1.28561 -0 0.95 0.65 0.890979 -0.454045 -1e-006
2.39966 -1.28561 -0.779695 0.9 0.65 0.847371 -0.454045 -0.275328
2.56138 -0.875072 0.832244 1 0.6 0.904496 -0.30906 0.293887
2.39966 -1.28561 0.779696 1 0.65 0.847371 -0.454045 0.275327
2.52315 -1.28561 -0 0.95 0.65 0.890979 -0.454045 -1e-006
2.26277 -0.44299 1.644 0.05 0.55 0.799054 -0.156458 0.580547
2.17884 -0.875072 1.58302 0.05 0.6 0.76941 -0.30906 0.559009
2.56138 -0.875072 0.832244 0 0.6 0.904496 -0.30906 0.293887
1.644 -0.44299 2.26276 0.1 0.55 0.580546 -0.156457 0.799054
1.58302 -0.875072 2.17884 0.1 0.6 0.559009 -0.309059 0.76941
2.17884 -0.875072 1.58302 0.05 0.6 0.76941 -0.30906 0.559009
0.864299 -0.44299 2.66004 0.15 0.55 0.305211 -0.156457 0.939344
0.832244 -0.875072 2.56138 0.15 0.6 0.293888 -0.309059 0.904496
1.58302 -0.875072 2.17884 0.1 0.6 0.559009 -0.309059 0.76941
0 -0.44299 2.79693 0.2 0.55 -0 -0.156457 0.987685
0 -0.875072 2.6932 0.2 0.6 -0 -0.30906 0.951043
0.832244 -0.875072 2.56138 0.15 0.6 0.293888 -0.309059 0.904496
-0.864299 -0.44299 2.66004 0.25 0.55 -0.305212 -0.156457 0.939344
-0.832244 -0.875072 2.56138 0.25 0.6 -0.293888 -0.30906 0.904495
0 -0.875072 2.6932 0.2 0.6 -0 -0.30906 0.951043
-1.644 -0.44299 2.26276 0.3 0.55 -0.580547 -0.156457 0.799053
-1.58302 -0.875072 2.17884 0.3 0.6 -0.559009 -0.309059 0.76941
-0.832244 -0.875072 2.56138 0.25 0.6 -0.293888 -0.30906 0.904495
-2.26276 -0.44299 1.644 0.35 0.55 -0.799054 -0.156457 0.580546
-2.17884 -0.875072 1.58302 0.35 0.6 -0.76941 -0.309059 0.559009
-1.58302 -0.875072 2.17884 0.3 0.6 -0.559009 -0.309059 0.76941
-2.66004 -0.44299 0.864299 0.4 0.55 -0.939344 -0.156457 0.305211
-2.56138 -0.875072 0.832244 0.4 0.6 -0.904496 -0.309059 0.293888
-2.17884 -0.875072 1.58302 0.35 0.6 -0.76941 -0.309059 0.559009
-2.79693 -0.44299 -0 0.45 0.55 -0.987685 -0.156457 0
-2.6932 -0.875072 -0 0.45 0.6 -0.951043 -0.309059 0
-2.56138 -0.875072 0.832244 0.4 0.6 -0.904496 -0.309059 0.293888
-2.66004 -0.44299 -0.864299 0.5 0.55 -0.939344 -0.156457 -0.305211
-2.56138 -0.875072 -0.832244 0.5 0.6 -0.904496 -0.309059 -0.293888
-2.6932 -0.875072 -0 0.45 0.6 -0.951043 -0.309059 0
-2.26276 -0.44299 -1.644 0.55 0.55 -0.799054 -0.156457 -0.580547
-2.17884 -0.875072 -1.58302 0.55 0.6 -0.76941 -0.309059 -0.559009
-2.56138 -0.875072 -0.832244 0.5 0.6 -0.904496 -0.309059 -0.293888
-1.644 -0.44299 -2.26276 0.6 0.55 -0.580546 -0.156457 -0.799054
-1.58302 -0.875072 -2.17884 0.6 0.6 -0.559009 -0.309059 -0.76941
-2.17884 -0.875072 -1.58302 0.55 0.6 -0.76941 -0.309059 -0.559009
-0.864299 -0.44299 -2.66004 0.65 0.55 -0.305211 -0.156457 -0.939344
-0.832244 -0.875072 -2.56138 0.65 0.6 -0.293888 -0.309059 -0.904496
-1.58302 -0.875072 -2.17884 0.6 0.6 -0.559009 -0.309059 -0.76941
0 -0.44299 -2.79693 0.7 0.55 0 -0.156457 -0.987685
0 -0.875072 -2.6932 0.7 0.6 0 -0.309059 -0.951043
-0.832244 -0.875072 -2.56138 0.65 0.6 -0.293888 -0.309059 -0.904496
0.864299 -0.44299 -2.66004 0.75 0.55 0.305211 -0.156457 -0.939344
0.832243 -0.875072 -2.56138 0.75 0.6 0.293888 -0.309059 -0.904496
0 -0.875072 -2.6932 0.7 0.6 0 -0.309059 -0.951043
1.64399 -0.44299 -2.26276 0.8 0.55 0.580546 -0.156457 -0.799054
1.58302 -0.875072 -2.17884 0.8 0.6 0.559009 -0.309059 -0.76941
0.832243 -0.875072 -2.56138 0.75 0.6 0.293888 -0.309059 -0.904496
2.26276 -0.44299 -1.644 0.85 0.55 0.799054 -0.156457 -0.580547
2.17884 -0.875072 -1.58302 0.85 0.6 0.76941 -0.309059 -0.559009
1.58302 -0.875072 -2.17884 0.8 0.6 0.559009 -0.309059 -0.76941
2.66004 -0.44299 -0.864299 0.9 0.55 0.939344 -0.156457 -0.305211
2.56138 -0.875072 -0.832244 0.9 0.6 0.904496 -0.309059 -0.293888
2.17884 -0.875072 -1.58302 0.85 0.6 0.76941 -0.309059 -0.559009
2.79693 -0.44299 -0 0.95 0.55 0.987685 -0.156457 -1e-006
2.6932 -0.875072 -0 0.95 0.6 0.951043 -0.30906 -1e-006
2.56138 -0.875072 -0.832244 0.9 0.6 0.904496 -0.309059 -0.293888
2.66004 -0.44299 0.8643 1 0.55 0.939344 -0.156457 0.30521
2.56138 -0.875072 0.832244 1 0.6 0.904496 -0.30906 0.293887
2.6932 -0.875072 -0 0.95 0.6 0.951043 -0.30906 -1e-006
2.29097 0 1.66449 0.05 0.5 0.809017 0 0.587785
2.26277 -0.44299 1.644 0.05 0.55 0.799054 -0.156458 0.580547
2.66004 -0.44299 0.8643 0 0.55 0.939344 -0.156457 0.30521
1.66449 0 2.29097 0.1 0.5 0.587785 0 0.809017
1.644 -0.44299 2.26276 0.1 0.55 0.580546 -0.156457 0.799054
2.26277 -0.44299 1.644 0.05 0.55 0.799054 -0.156458 0.580547
0.875073 0 2.6932 0.15 0.5 0.309017 0 0.951057
0.864299 -0.44299 2.66004 0.15 0.55 0.305211 -0.156457 0.939344
1.644 -0.44299 2.26276 0.1 0.55 0.580546 -0.156457 0.799054
0 0 2.8318 0.2 0.5 0 0 1
0 -0.44299 2.79693 0.2 0.55 -0 -0.156457 0.987685
0.864299 -0.44299 2.66004 0.15 0.55 0.305211 -0.156457 0.939344
-0.875073 0 2.6932 0.25 0.5 -0.309017 0 0.951056
-0.864299 -0.44299 2.66004 0.25 0.55 -0.305212 -0.156457 0.939344
0 -0.44299 2.79693 0.2 0.55 -0 -0.156457 0.987685
-1.66449 0 2.29097 0.3 0.5 -0.587786 0 0.809017
-1.644 -0.44299 2.26276 0.3 0.55 -0.580547 -0.156457 0.799053
-0.864299 -0.44299 2.66004 0.25 0.55 -0.305212 -0.156457 0.939344
-2.29097 0 1.66449 0.35 0.5 -0.809017 0 0.587785
-2.26276 -0.44299 1.644 0.35 0.55 -0.799054 -0.156457 0.580546
-1.644 -0.44299 2.26276 0.3 0.55 -0.580547 -0.156457 0.799053
-2.6932 0 0.875073 0.4 0.5 -0.951057 -0 0.309017
-2.66004 -0.44299 0.864299 0.4 0.55 -0.939344 -0.156457 0.305211
-2.26276 -0.44299 1.644 0.35 0.55 -0.799054 -0.156457 0.580546
-2.83179 0 -0 0.45 0.5 -1 0 -0
-2.79693 -0.44299 -0 0.45 0.55 -0.987685 -0.156457 0
-2.66004 -0.44299 0.864299 0.4 0.55 -0.939344 -0.156457 0.305211
-2.6932 0 -0.875073 0.5 0.5 -0.951057 0 -0.309017
-2.66004 -0.44299 -0.864299 0.5 0.55 -0.939344 -0.156457 -0.305211
-2.79693 -0.44299 -0 0.45 0.55 -0.987685 -0.156457 0
-2.29097 0 -1.66449 0.55 0.5 -0.809017 0 -0.587785
-2.26276 -0.44299 -1.644 0.55 0.55 -0.799054 -0.156457 -0.580547
-2.66004 -0.44299 -0.864299 0.5 0.55 -0.939344 -0.156457 -0.305211
-1.66449 0 -2.29097 0.6 0.5 -0.587785 0 -0.809017
-1.644 -0.44299 -2.26276 0.6 0.55 -0.580546 -0.156457 -0.799054
-2.26276 -0.44299 -1.644 0.55 0.55 -0.799054 -0.156457 -0.580547
-0.875073 0 -2.6932 0.65 0.5 -0.309017 0 -0.951057
-0.864299 -0.44299 -2.66004 0.65 0.55 -0.305211 -0.156457 -0.939344
-1.644 -0.44299 -2.26276 0.6 0.55 -0.580546 -0.156457 -0.799054
0 0 -2.83179 0.7 0.5 0 0 -1
0 -0.44299 -2.79693 0.7 0.55 0 -0.156457 -0.987685
-0.864299 -0.44299 -2.66004 0.65 0.55 -0.305211 -0.156457 -0.939344
0.875072 0 -2.6932 0.75 0.5 0.309017 0 -0.951057
0.864299 -0.44299 -2.66004 0.75 0.55 0.305211 -0.156457 -0.939344
0 -0.44299 -2.79693 0.7 0.55 0 -0.156457 -0.987685
1.66449 0 -2.29097 0.8 0.5 0.587785 0 -0.809017
1.64399 -0.44299 -2.26276 0.8 0.55 0.580546 -0.156457 -0.799054
0.864299 -0.44299 -2.66004 0.75 0.55 0.305211 -0.156457 -0.939344
2.29097 0 -1.66449 0.85 0.5 0.809017 0 -0.587785
2.26276 -0.44299 -1.644 0.85 0.55 0.799054 -0.156457 -0.580547
1.64399 -0.44299 -2.26276 0.8 0.55 0.580546 -0.156457 -0.799054
2.6932 0 -0.875073 0.9 0.5 0.951057 0 -0.309017
2.66004 -0.44299 -0.864299 0.9 0.55 0.939344 -0.156457 -0.305211
2.26276 -0.44299 -1.644 0.85 0.55 0.799054 -0.156457 -0.580547
2.83179 0 -0 0.95 0.5 1 0 -1e-006
2.79693 -0.44299 -0 0.95 0.55 0.987685 -0.156457 -1e-006
2.66004 -0.44299 -0.864299 0.9 0.55 0.939344 -0.156457 -0.305211
2.6932 0 0.875073 1 0.5 0.951057 0 0.309016
2.66004 -0.44299 0.8643 1 0.55 0.939344 -0.156457 0.30521
2.79693 -0.44299 -0 0.95 0.55 0.987685 -0.156457 -1e-006
2.26277 0.44299 1.644 0.05 0.45 0.799054 0.156458 0.580547
2.29097 0 1.66449 0.05 0.5 0.809017 0 0.587785
2.6932 0 0.875073 0 0.5 0.951057 0 0.309016
1.644 0.44299 2.26276 0.1 0.45 0.580546 0.156457 0.799054
1.66449 0 2.29097 0.1 0.5 0.587785 0 0.809017
2.29097 0 1.66449 0.05 0.5 0.809017 0 0.587785
0.864299 0.44299 2.66004 0.15 0.45 0.305211 0.156457 0.939344
0.875073 0 2.6932 0.15 0.5 0.309017 0 0.951057
1.66449 0 2.29097 0.1 0.5 0.587785 0 0.809017
0 0.44299 2.79693 0.2 0.45 0 0.156457 0.987685
0 0 2.8318 0.2 0.5 0 0 1
0.875073 0 2.6932 0.15 0.5 0.309017 0 0.951057
-0.864299 0.44299 2.66004 0.25 0.45 -0.305212 0.156457 0.939344
-0.875073 0 2.6932 0.25 0.5 -0.309017 0 0.951056
0 0 2.8318 0.2 0.5 0 0 1
-1.644 0.44299 2.26276 0.3 0.45 -0.580547 0.156457 0.799054
-1.66449 0 2.29097 0.3 0.5 -0.587786 0 0.809017
-0.875073 0 2.6932 0.25 0.5 -0.309017 0 0.951056
-2.26276 0.44299 1.644 0.35 0.45 -0.799054 0.156457 0.580546
-2.29097 0 1.66449 0.35 0.5 -0.809017 0 0.587785
-1.66449 0 2.29097 0.3 0.5 -0.587786 0 0.809017
-2.66004 0.44299 0.864299 0.4 0.45 -0.939344 0.156457 0.305211
-2.6932 0 0.875073 0.4 0.5 -0.951057 -0 0.309017
-2.29097 0 1.66449 0.35 0.5 -0.809017 0 0.587785
-2.79693 0.44299 -0 0.45 0.45 -0.987685 0.156457 -0
-2.83179 0 -0 0.45 0.5 -1 0 -0
-2.6932 0 0.875073 0.4 0.5 -0.951057 -0 0.309017
-2.66004 0.44299 -0.864299 0.5 0.45 -0.939344 0.156457 -0.305211
-2.6932 0 -0.875073 0.5 0.5 -0.951057 0 -0.309017
-2.83179 0 -0 0.45 0.5 -1 0 -0
-2.26276 0.44299 -1.644 0.55 0.45 -0.799054 0.156457 -0.580547
-2.29097 0 -1.66449 0.55 0.5 -0.809017 0 -0.587785
-2.6932 0 -0.875073 0.5 0.5 -0.951057 0 -0.309017
-1.644 0.44299 -2.26276 0.6 0.45 -0.580547 0.156457 -0.799054
-1.66449 0 -2.29097 0.6 0.5 -0.587785 0 -0.809017
-2.29097 0 -1.66449 0.55 0.5 -0.809017 0 -0.587785
-0.864299 0.44299 -2.66004 0.65 0.45 -0.305211 0.156457 -0.939344
-0.875073 0 -2.6932 0.65 0.5 -0.309017 0 -0.951057
-1.66449 0 -2.29097 0.6 0.5 -0.587785 0 -0.809017
0 0.44299 -2.79693 0.7 0.45 0 0.156457 -0.987685
0 0 -2.83179 0.7 0.5 0 0 -1
-0.875073 0 -2.6932 0.65 0.5 -0.309017 0 -0.951057
0.864299 0.44299 -2.66004 0.75 0.45 0.305211 0.156457 -0.939344
0.875072 0 -2.6932 0.75 0.5 0.309017 0 -0.951057
0 0 -2.83179 0.7 0.5 0 0 -1
1.64399 0.44299 -2.26276 0.8 0.45 0.580546 0.156457 -0.799054
1.66449 0 -2.29097 0.8 0.5 0.587785 0 -0.809017
0.875072 0 -2.6932 0.75 0.5 0.309017 0 -0.951057
2.26276 0.44299 -1.644 0.85 0.45 0.799054 0.156457 -0.580547
2.29097 0 -1.66449 0.85 0.5 0.809017 0 -0.587785
1.66449 0 -2.29097 0.8 0.5 0.587785 0 -0.809017
2.66004 0.44299 -0.864299 0.9 0.45 0.939344 0.156457 -0.305211
2.6932 0 -0.875073 0.9 0.5 0.951057 0 -0.309017
2.29097 0 -1.66449 0.85 0.5 0.809017 0 -0.587785
2.79693 0.44299 -0 0.95 0.45 0.987685 0.156457 -1e-006
2.83179 0 -0 0.95 0.5 1 0 -1e-006
2.6932 0 -0.875073 0.9 0.5 0.951057 0 -0.309017
2.66004 0.44299 0.8643 1 0.45 0.939344 0.156457 0.30521
2.6932 0 0.875073 1 0.5 0.951057 0 0.309016
2.83179 0 -0 0.95 0.5 1 0 -1e-006
2.17884 0.875072 1.58302 0.05 0.4 0.76941 0.30906 0.559009
2.26277 0.44299 1.644 0.05 0.45 0.799054 0.156458 0.580547
2.66004 0.44299 0.8643 0 0.45 0.939344 0.156457 0.30521
1.58302 0.875072 2.17884 0.1 0.4 0.559009 0.309059 0.76941
1.644 0.44299 2.26276 0.1 0.45 0.580546 0.156457 0.799054
2.26277 0.44299 1.644 0.05 0.45 0.799054 0.156458 0.580547
0.832244 0.875072 2.56138 0.15 0.4 0.293888 0.309059 0.904496
0.864299 0.44299 2.66004 0.15 0.45 0.305211 0.156457 0.939344
1.644 0.44299 2.26276 0.1 0.45 0.580546 0.156457 0.799054
0 0.875072 2.6932 0.2 0.4 0 0.30906 0.951043
0 0.44299 2.79693 0.2 0.45 0 0.156457 0.987685
0.864299 0.44299 2.66004 0.15 0.45 0.305211 0.156457 0.939344
-0.832244 0.875072 2.56138 0.25 0.4 -0.293888 0.30906 0.904495
-0.864299 0.44299 2.66004 0.25 0.45 -0.305212 0.156457 0.939344
0 0.44299 2.79693 0.2 0.45 0 0.156457 0.987685
-1.58302 0.875072 2.17884 0.3 0.4 -0.559009 0.30906 0.76941
-1.644 0.44299 2.26276 0.3 0.45 -0.580547 0.156457 0.799054
-0.864299 0.44299 2.66004 0.25 0.45 -0.305212 0.156457 0.939344
-2.17884 0.875072 1.58302 0.35 0.4 -0.76941 0.309059 0.559009
-2.26276 0.44299 1.644 0.35 0.45 -0.799054 0.156457 0.580546
-1.644 0.44299 2.26276 0.3 0.45 -0.580547 0.156457 0.799054
-2.56138 0.875072 0.832244 0.4 0.4 -0.904496 0.309059 0.293888
-2.66004 0.44299 0.864299 0.4 0.45 -0.939344 0.156457 0.305211
-2.26276 0.44299 1.644 0.35 0.45 -0.799054 0.156457 0.580546
-2.6932 0.875072 -0 0.45 0.4 -0.951043 0.309059 -0
-2.79693 0.44299 -0 0.45 0.45 -0.987685 0.156457 -0
-2.66004 0.44299 0.864299 0.4 0.45 -0.939344 0.156457 0.305211
-2.56138 0.875072 -0.832244 0.5 0.4 -0.904496 0.309059 -0.293888
-2.66004 0.44299 -0.864299 0.5 0.45 -0.939344 0.156457 -0.305211
-2.79693 0.44299 -0 0.45 0.45 -0.987685 0.156457 -0
-2.17884 0.875072 -1.58302 0.55 0.4 -0.76941 0.309059 -0.559009
-2.26276 0.44299 -1.644 0.55 0.45 -0.799054 0.156457 -0.580547
-2.66004 0.44299 -0.864299 0.5 0.45 -0.939344 0.156457 -0.305211
-1.58302 0.875072 -2.17884 0.6 0.4 -0.559009 0.309059 -0.76941
-1.644 0.44299 -2.26276 0.6 0.45 -0.580547 0.156457 -0.799054
-2.26276 0.44299 -1.644 0.55 0.45 -0.799054 0.156457 -0.580547
-0.832244 0.875072 -2.56138 0.65 0.4 -0.293888 0.309059 -0.904496
-0.864299 0.44299 -2.66004 0.65 0.45 -0.305211 0.156457 -0.939344
-1.644 0.44299 -2.26276 0.6 0.45 -0.580547 0.156457 -0.799054
0 0.875072 -2.6932 0.7 0.4 0 0.309059 -0.951043
0 0.44299 -2.79693 0.7 0.45 0 0.156457 -0.987685
-0.864299 0.44299 -2.66004 0.65 0.45 -0.305211 0.156457 -0.939344
0.832243 0.875072 -2.56138 0.75 0.4 0.293888 0.309059 -0.904496
0.864299 0.44299 -2.66004 0.75 0.45 0.305211 0.156457 -0.939344
0 0.44299 -2.79693 0.7 0.45 0 0.156457 -0.987685
1.58302 0.875072 -2.17884 0.8 0.4 0.559009 0.309059 -0.76941
1.64399 0.44299 -2.26276 0.8 0.45 0.580546 0.156457 -0.799054
0.864299 0.44299 -2.66004 0.75 0.45 0.305211 0.156457 -0.939344
2.17884 0.875072 -1.58302 0.85 0.4 0.76941 0.309059 -0.559009
2.26276 0.44299 -1.644 0.85 0.45 0.799054 0.156457 -0.580547
1.64399 0.44299 -2.26276 0.8 0.45 0.580546 0.156457 -0.799054
2.56138 0.875072 -0.832244 0.9 0.4 0.904496 0.309059 -0.293888
2.66004 0.44299 -0.864299 0.9 0.45 0.939344 0.156457 -0.305211
2.26276 0.44299 -1.644 0.85 0.45 0.799054 0.156457 -0.580547
2.6932 0.875072 -0 0.95 0.4 0.951043 0.30906 -1e-006
2.79693 0.44299 -0 0.95 0.45 0.987685 0.156457 -1e-006
2.66004 0.44299 -0.864299 0.9 0.45 0.939344 0.156457 -0.305211
2.56138 0.875072 0.832244 1 0.4 0.904496 0.30906 0.293887
2.66004 0.44299 0.8643 1 0.45 0.939344 0.156457 0.30521
2.79693 0.44299 -0 0.95 0.45 0.987685 0.156457 -1e-006
2.04127 1.28561 1.48307 0.05 0.35 0.720817 0.454045 0.523704
2.17884 0.875072 1.58302 0.05 0.4 0.76941 0.30906 0.559009
2.56138 0.875072 0.832244 0 0.4 0.904496 0.30906 0.293887
1.48307 1.28561 2.04127 0.1 0.35 0.523704 0.454045 0.720817
1.58302 0.875072 2.17884 0.1 0.4 0.559009 0.309059 0.76941
2.17884 0.875072 1.58302 0.05 0.4 0.76941 0.30906 0.559009
0.779696 1.28561 2.39966 0.15 0.35 0.275327 0.454045 0.847371
0.832244 0.875072 2.56138 0.15 0.4 0.293888 0.309059 0.904496
1.58302 0.875072 2.17884 0.1 0.4 0.559009 0.309059 0.76941
0 1.28561 2.52315 0.2 0.35 0 0.454045 0.890979
0 0.875072 2.6932 0.2 0.4 0 0.30906 0.951043
0.832244 0.875072 2.56138 0.15 0.4 0.293888 0.309059 0.904496
-0.779696 1.28561 2.39966 0.25 0.35 -0.275328 0.454045 0.847371
-0.832244 0.875072 2.56138 0.25 0.4 -0.293888 0.30906 0.904495
0 0.875072 2.6932 0.2 0.4 0 0.30906 0.951043
-1.48307 1.28561 2.04127 0.3 0.35 -0.523704 0.454045 0.720817
-1.58302 0.875072 2.17884 0.3 0.4 -0.559009 0.30906 0.76941
-0.832244 0.875072 2.56138 0.25 0.4 -0.293888 0.30906 0.904495
-2.04127 1.28561 1.48307 0.35 0.35 -0.720817 0.454045 0.523704
-2.17884 0.875072 1.58302 0.35 0.4 -0.76941 0.309059 0.559009
-1.58302 0.875072 2.17884 0.3 0.4 -0.559009 0.30906 0.76941
-2.39966 1.28561 0.779696 0.4 0.35 -0.847371 0.454045 0.275327
-2.56138 0.875072 0.832244 0.4 0.4 -0.904496 0.309059 0.293888
-2.17884 0.875072 1.58302 0.35 0.4 -0.76941 0.309059 0.559009
-2.52315 1.28561 -0 0.45 0.35 -0.890978 0.454046 -0
-2.6932 0.875072 -0 0.45 0.4 -0.951043 0.309059 -0
-2.56138 0.875072 0.832244 0.4 0.4 -0.904496 0.309059 0.293888
-2.39966 1.28561 -0.779696 0.5 0.35 -0.847371 0.454045 -0.275328
-2.56138 0.875072 -0.832244 0.5 0.4 -0.904496 0.309059 -0.293888
-2.6932 0.875072 -0 0.45 0.4 -0.951043 0.309059 -0
-2.04127 1.28561 -1.48307 0.55 0.35 -0.720817 0.454045 -0.523704
-2.17884 0.875072 -1.58302 0.55 0.4 -0.76941 0.309059 -0.559009
-2.56138 0.875072 -0.832244 0.5 0.4 -0.904496 0.309059 -0.293888
-1.48307 1.28561 -2.04127 0.6 0.35 -0.523704 0.454045 -0.720817
-1.58302 0.875072 -2.17884 0.6 0.4 -0.559009 0.309059 -0.76941
-2.17884 0.875072 -1.58302 0.55 0.4 -0.76941 0.309059 -0.559009
-0.779696 1.28561 -2.39966 0.65 0.35 -0.275327 0.454045 -0.847371
-0.832244 0.875072 -2.56138 0.65 0.4 -0.293888 0.309059 -0.904496
-1.58302 0.875072 -2.17884 0.6 0.4 -0.559009 0.309059 -0.76941
0 1.28561 -2.52315 0.7 0.35 0 0.454045 -0.890979
0 0.875072 -2.6932 0.7 0.4 0 0.309059 -0.951043
-0.832244 0.875072 -2.56138 0.65 0.4 -0.293888 0.309059 -0.904496
0.779695 1.28561 -2.39966 0.75 0.35 0.275328 0.454045 -0.847371
0.832243 0.875072 -2.56138 0.75 0.4 0.293888 0.309059 -0.904496
0 0.875072 -2.6932 0.7 0.4 0 0.309059 -0.951043
1.48307 1.28561 -2.04127 0.8 0.35 0.523704 0.454045 -0.720817
1.58302 0.875072 -2.17884 0.8 0.4 0.559009 0.309059 -0.76941
0.832243 0.875072 -2.56138 0.75 0.4 0.293888 0.309059 -0.904496
2.04127 1.28561 -1.48307 0.85 0.35 0.720817 0.454045 -0.523704
2.17884 0.875072 -1.58302 0.85 0.4 0.76941 0.309059 -0.559009
1.58302 0.875072 -2.17884 0.8 0.4 0.559009 0.309059 -0.76941
2.39966 1.28561 -0.779695 0.9 0.35 0.847371 0.454045 -0.275328
2.56138 0.875072 -0.832244 0.9 0.4 0.904496 0.309059 -0.293888
2.17884 0.875072 -1.58302 0.85 0.4 0.76941 0.309059 -0.559009
2.52315 1.28561 -0 0.95 0.35 0.890979 0.454045 -1e-006
2.6932 0.875072 -0 0.95 0.4 0.951043 0.30906 -1e-006
2.56138 0.875072 -0.832244 0.9 0.4 0.904496 0.309059 -0.293888
2.39966 1.28561 0.779696 1 0.35 0.847371 0.454046 0.275327
2.56138 0.875072 0.832244 1 0.4 0.904496 0.30906 0.293887
2.6932 0.875072 -0 0.95 0.4 0.951043 0.30906 -1e-006
1.85344 1.66449 1.3466 0.05 0.3 0.654474 0.587844 0.475503
2.04127 1.28561 1.48307 0.05 0.35 0.720817 0.454045 0.523704
2.39966 1.28561 0.779696 0 0.35 0.847371 0.454046 0.275327
1.3466 1.66449 1.85343 0.1 0.3 0.475503 0.587844 0.654474
1.48307 1.28561 2.04127 0.1 0.35 0.523704 0.454045 0.720817
2.04127 1.28561 1.48307 0.05 0.35 0.720817 0.454045 0.523704
0.707949 1.66449 2.17884 0.15 0.3 0.249987 0.587844 0.76938
0.779696 1.28561 2.39966 0.15 0.35 0.275327 0.454045 0.847371
1.48307 1.28561 2.04127 0.1 0.35 0.523704 0.454045 0.720817
0 1.66449 2.29097 0.2 0.3 0 0.587844 0.808974
0 1.28561 2.52315 0.2 0.35 0 0.454045 0.890979
0.779696 1.28561 2.39966 0.15 0.35 0.275327 0.454045 0.847371
-0.707949 1.66449 2.17884 0.25 0.3 -0.249987 0.587844 0.76938
-0.779696 1.28561 2.39966 0.25 0.35 -0.275328 0.454045 0.847371
0 1.28561 2.52315 0.2 0.35 0 0.454045 0.890979
-1.3466 1.66449 1.85343 0.3 0.3 -0.475503 0.587844 0.654474
-1.48307 1.28561 2.04127 0.3 0.35 -0.523704 0.454045 0.720817
-0.779696 1.28561 2.39966 0.25 0.35 -0.275328 0.454045 0.847371
-1.85343 1.66449 1.3466 0.35 0.3 -0.654474 0.587844 0.475503
-2.04127 1.28561 1.48307 0.35 0.35 -0.720817 0.454045 0.523704
-1.48307 1.28561 2.04127 0.3 0.35 -0.523704 0.454045 0.720817
-2.17884 1.66449 0.707949 0.4 0.3 -0.769381 0.587844 0.249987
-2.39966 1.28561 0.779696 0.4 0.35 -0.847371 0.454045 0.275327
-2.04127 1.28561 1.48307 0.35 0.35 -0.720817 0.454045 0.523704
-2.29097 1.66449 -0 0.45 0.3 -0.808974 0.587844 -0
-2.52315 1.28561 -0 0.45 0.35 -0.890978 0.454046 -0
-2.39966 1.28561 0.779696 0.4 0.35 -0.847371 0.454045 0.275327
-2.17884 1.66449 -0.707949 0.5 0.3 -0.76938 0.587844 -0.249987
-2.39966 1.28561 -0.779696 0.5 0.35 -0.847371 0.454045 -0.275328
-2.52315 1.28561 -0 0.45 0.35 -0.890978 0.454046 -0
-1.85343 1.66449 -1.3466 0.55 0.3 -0.654474 0.587844 -0.475503
-2.04127 1.28561 -1.48307 0.55 0.35 -0.720817 0.454045 -0.523704
-2.39966 1.28561 -0.779696 0.5 0.35 -0.847371 0.454045 -0.275328
-1.3466 1.66449 -1.85343 0.6 0.3 -0.475503 0.587844 -0.654474
-1.48307 1.28561 -2.04127 0.6 0.35 -0.523704 0.454045 -0.720817
-2.04127 1.28561 -1.48307 0.55 0.35 -0.720817 0.454045 -0.523704
-0.707949 1.66449 -2.17884 0.65 0.3 -0.249987 0.587844 -0.76938
-0.779696 1.28561 -2.39966 0.65 0.35 -0.275327 0.454045 -0.847371
-1.48307 1.28561 -2.04127 0.6 0.35 -0.523704 0.454045 -0.720817
0 1.66449 -2.29097 0.7 0.3 0 0.587844 -0.808975
0 1.28561 -2.52315 0.7 0.35 0 0.454045 -0.890979
-0.779696 1.28561 -2.39966 0.65 0.35 -0.275327 0.454045 -0.847371
0.707949 1.66449 -2.17884 0.75 0.3 0.249987 0.587844 -0.76938
0.779695 1.28561 -2.39966 0.75 0.35 0.275328 0.454045 -0.847371
0 1.28561 -2.52315 0.7 0.35 0 0.454045 -0.890979
1.3466 1.66449 -1.85343 0.8 0.3 0.475503 0.587844 -0.654474
1.48307 1.28561 -2.04127 0.8 0.35 0.523704 0.454045 -0.720817
0.779695 1.28561 -2.39966 0.75 0.35 0.275328 0.454045 -0.847371
1.85343 1.66449 -1.3466 0.85 0.3 0.654474 0.587844 -0.475503
2.04127 1.28561 -1.48307 0.85 0.35 0.720817 0.454045 -0.523704
1.48307 1.28561 -2.04127 0.8 0.35 0.523704 0.454045 -0.720817
2.17884 1.66449 -0.707949 0.9 0.3 0.76938 0.587844 -0.249987
2.39966 1.28561 -0.779695 0.9 0.35 0.847371 0.454045 -0.275328
2.04127 1.28561 -1.48307 0.85 0.35 0.720817 0.454045 -0.523704
2.29097 1.66449 -0 0.95 0.3 0.808974 0.587844 -1e-006
2.52315 1.28561 -0 0.95 0.35 0.890979 0.454045 -1e-006
2.39966 1.28561 -0.779695 0.9 0.35 0.847371 0.454045 -0.275328
2.17884 1.66449 0.707949 1 0.3 0.769381 0.587844 0.249986
2.39966 1.28561 0.779696 1 0.35 0.847371 0.454046 0.275327
2.52315 1.28561 -0 0.95 0.35 0.890979 0.454045 -1e-006
1.61996 2.00238 1.17697 0.05 0.25 0.572018 0.707161 0.415595
1.85344 1.66449 1.3466 0.05 0.3 0.654474 0.587844 0.475503
2.17884 1.66449 0.707949 0 0.3 0.769381 0.587844 0.249986
1.17697 2.00238 1.61996 0.1 0.25 0.415595 0.707161 0.572018
1.3466 1.66449 1.85343 0.1 0.3 0.475503 0.587844 0.654474
1.85344 1.66449 1.3466 0.05 0.3 0.654474 0.587844 0.475503
0.61877 2.00238 1.90438 0.15 0.25 0.218491 0.707161 0.672447
0.707949 1.66449 2.17884 0.15 0.3 0.249987 0.587844 0.76938
1.3466 1.66449 1.85343 0.1 0.3 0.475503 0.587844 0.654474
0 2.00238 2.00238 0.2 0.25 0 0.707161 0.707053
0 1.66449 2.29097 0.2 0.3 0 0.587844 0.808974
0.707949 1.66449 2.17884 0.15 0.3 0.249987 0.587844 0.76938
-0.61877 2.00238 1.90438 0.25 0.25 -0.218491 0.707161 0.672447
-0.707949 1.66449 2.17884 0.25 0.3 -0.249987 0.587844 0.76938
0 1.66449 2.29097 0.2 0.3 0 0.587844 0.808974
-1.17697 2.00238 1.61996 0.3 0.25 -0.415595 0.707161 0.572018
-1.3466 1.66449 1.85343 0.3 0.3 -0.475503 0.587844 0.654474
-0.707949 1.66449 2.17884 0.25 0.3 -0.249987 0.587844 0.76938
-1.61996 2.00238 1.17697 0.35 0.25 -0.572018 0.707161 0.415595
-1.85343 1.66449 1.3466 0.35 0.3 -0.654474 0.587844 0.475503
-1.3466 1.66449 1.85343 0.3 0.3 -0.475503 0.587844 0.654474
-1.90438 2.00238 0.61877 0.4 0.25 -0.672447 0.707161 0.218491
-2.17884 1.66449 0.707949 0.4 0.3 -0.769381 0.587844 0.249987
-1.85343 1.66449 1.3466 0.35 0.3 -0.654474 0.587844 0.475503
-2.00238 2.00238 -0 0.45 0.25 -0.707053 0.707161 -0
-2.29097 1.66449 -0 0.45 0.3 -0.808974 0.587844 -0
-2.17884 1.66449 0.707949 0.4 0.3 -0.769381 0.587844 0.249987
-1.90438 2.00238 -0.61877 0.5 0.25 -0.672447 0.707161 -0.218491
-2.17884 1.66449 -0.707949 0.5 0.3 -0.76938 0.587844 -0.249987
-2.29097 1.66449 -0 0.45 0.3 -0.808974 0.587844 -0
-1.61996 2.00238 -1.17697 0.55 0.25 -0.572018 0.707161 -0.415595
-1.85343 1.66449 -1.3466 0.55 0.3 -0.654474 0.587844 -0.475503
-2.17884 1.66449 -0.707949 0.5 0.3 -0.76938 0.587844 -0.249987
-1.17697 2.00238 -1.61996 0.6 0.25 -0.415595 0.707161 -0.572018
-1.3466 1.66449 -1.85343 0.6 0.3 -0.475503 0.587844 -0.654474
-1.85343 1.66449 -1.3466 0.55 0.3 -0.654474 0.587844 -0.475503
-0.61877 2.00238 -1.90438 0.65 0.25 -0.218491 0.707161 -0.672447
-0.707949 1.66449 -2.17884 0.65 0.3 -0.249987 0.587844 -0.76938
-1.3466 1.66449 -1.85343 0.6 0.3 -0.475503 0.587844 -0.654474
0 2.00238 -2.00238 0.7 0.25 0 0.707161 -0.707053
0 1.66449 -2.29097 0.7 0.3 0 0.587844 -0.808975
-0.707949 1.66449 -2.17884 0.65 0.3 -0.249987 0.587844 -0.76938
0.61877 2.00238 -1.90438 0.75 0.25 0.218491 0.707161 -0.672447
0.707949 1.66449 -2.17884 0.75 0.3 0.249987 0.587844 -0.76938
0 1.66449 -2.29097 0.7 0.3 0 0.587844 -0.808975
1.17697 2.00238 -1.61996 0.8 0.25 0.415595 0.707161 -0.572018
1.3466 1.66449 -1.85343 0.8 0.3 0.475503 0.587844 -0.654474
0.707949 1.66449 -2.17884 0.75 0.3 0.249987 0.587844 -0.76938
1.61996 2.00238 -1.17697 0.85 0.25 0.572018 0.707161 -0.415595
1.85343 1.66449 -1.3466 0.85 0.3 0.654474 0.587844 -0.475503
1.3466 1.66449 -1.85343 0.8 0.3 0.475503 0.587844 -0.654474
1.90438 2.00238 -0.61877 0.9 0.25 0.672447 0.707161 -0.218491
2.17884 1.66449 -0.707949 0.9 0.3 0.76938 0.587844 -0.249987
1.85343 1.66449 -1.3466 0.85 0.3 0.654474 0.587844 -0.475503
2.00238 2.00238 -0 0.95 0.25 0.707053 0.707161 -1e-006
2.29097 1.66449 -0 0.95 0.3 0.808974 0.587844 -1e-006
2.17884 1.66449 -0.707949 0.9 0.3 0.76938 0.587844 -0.249987
1.90438 2.00238 0.61877 1 0.25 0.672447 0.707161 0.21849
2.17884 1.66449 0.707949 1 0.3 0.769381 0.587844 0.249986
2.29097 1.66449 -0 0.95 0.3 0.808974 0.587844 -1e-006
1.3466 2.29097 0.978361 0.05 0.2 0.47548 0.80906 0.345457
1.61996 2.00238 1.17697 0.05 0.25 0.572018 0.707161 0.415595
1.90438 2.00238 0.61877 0 0.25 0.672447 0.707161 0.21849
0.978361 2.29097 1.3466 0.1 0.2 0.345457 0.80906 0.475481
1.17697 2.00238 1.61996 0.1 0.25 0.415595 0.707161 0.572018
1.61996 2.00238 1.17697 0.05 0.25 0.572018 0.707161 0.415595
0.514355 2.29097 1.58302 0.15 0.2 0.181617 0.80906 0.558961
0.61877 2.00238 1.90438 0.15 0.25 0.218491 0.707161 0.672447
1.17697 2.00238 1.61996 0.1 0.25 0.415595 0.707161 0.572018
0 2.29097 1.66449 0.2 0.2 0 0.80906 0.587726
0 2.00238 2.00238 0.2 0.25 0 0.707161 0.707053
0.61877 2.00238 1.90438 0.15 0.25 0.218491 0.707161 0.672447
-0.514355 2.29097 1.58302 0.25 0.2 -0.181618 0.80906 0.558961
-0.61877 2.00238 1.90438 0.25 0.25 -0.218491 0.707161 0.672447
0 2.00238 2.00238 0.2 0.25 0 0.707161 0.707053
-0.978361 2.29097 1.3466 0.3 0.2 -0.345457 0.80906 0.47548
-1.17697 2.00238 1.61996 0.3 0.25 -0.415595 0.707161 0.572018
-0.61877 2.00238 1.90438 0.25 0.25 -0.218491 0.707161 0.672447
-1.3466 2.29097 0.978361 0.35 0.2 -0.475481 0.80906 0.345457
-1.61996 2.00238 1.17697 0.35 0.25 -0.572018 0.707161 0.415595
-1.17697 2.00238 1.61996 0.3 0.25 -0.415595 0.707161 0.572018
-1.58302 2.29097 0.514355 0.4 0.2 -0.558961 0.80906 0.181617
-1.90438 2.00238 0.61877 0.4 0.25 -0.672447 0.707161 0.218491
-1.61996 2.00238 1.17697 0.35 0.25 -0.572018 0.707161 0.415595
-1.66449 2.29097 -0 0.45 0.2 -0.587726 0.80906 -0
-2.00238 2.00238 -0 0.45 0.25 -0.707053 0.707161 -0
-1.90438 2.00238 0.61877 0.4 0.25 -0.672447 0.707161 0.218491
-1.58302 2.29097 -0.514355 0.5 0.2 -0.558961 0.80906 -0.181617
-1.90438 2.00238 -0.61877 0.5 0.25 -0.672447 0.707161 -0.218491
-2.00238 2.00238 -0 0.45 0.25 -0.707053 0.707161 -0
-1.3466 2.29097 -0.978361 0.55 0.2 -0.475481 0.80906 -0.345457
-1.61996 2.00238 -1.17697 0.55 0.25 -0.572018 0.707161 -0.415595
-1.90438 2.00238 -0.61877 0.5 0.25 -0.672447 0.707161 -0.218491
-0.978361 2.29097 -1.3466 0.6 0.2 -0.345457 0.80906 -0.475481
-1.17697 2.00238 -1.61996 0.6 0.25 -0.415595 0.707161 -0.572018
-1.61996 2.00238 -1.17697 0.55 0.25 -0.572018 0.707161 -0.415595
-0.514355 2.29097 -1.58302 0.65 0.2 -0.181617 0.80906 -0.558961
-0.61877 2.00238 -1.90438 0.65 0.25 -0.218491 0.707161 -0.672447
-1.17697 2.00238 -1.61996 0.6 0.25 -0.415595 0.707161 -0.572018
0 2.29097 -1.66449 0.7 0.2 0 0.80906 -0.587726
0 2.00238 -2.00238 0.7 0.25 0 0.707161 -0.707053
-0.61877 2.00238 -1.90438 0.65 0.25 -0.218491 0.707161 -0.672447
0.514355 2.29097 -1.58302 0.75 0.2 0.181617 0.80906 -0.558961
0.61877 2.00238 -1.90438 0.75 0.25 0.218491 0.707161 -0.672447
0 2.00238 -2.00238 0.7 0.25 0 0.707161 -0.707053
0.978361 2.29097 -1.3466 0.8 0.2 0.345457 0.80906 -0.475481
1.17697 2.00238 -1.61996 0.8 0.25 0.415595 0.707161 -0.572018
0.61877 2.00238 -1.90438 0.75 0.25 0.218491 0.707161 -0.672447
1.3466 2.29097 -0.978361 0.85 0.2 0.475481 0.80906 -0.345457
1.61996 2.00238 -1.17697 0.85 0.25 0.572018 0.707161 -0.415595
1.17697 2.00238 -1.61996 0.8 0.25 0.415595 0.707161 -0.572018
1.58302 2.29097 -0.514355 0.9 0.2 0.558961 0.80906 -0.181617
1.90438 2.00238 -0.61877 0.9 0.25 0.672447 0.707161 -0.218491
1.61996 2.00238 -1.17697 0.85 0.25 0.572018 0.707161 -0.415595
1.66449 2.29097 -0 0.95 0.2 0.587726 0.80906 -1e-006
2.00238 2.00238 -0 0.95 0.25 0.707053 0.707161 -1e-006
1.90438 2.00238 -0.61877 0.9 0.25 0.672447 0.707161 -0.218491
1.58302 2.29097 0.514355 1 0.2 0.558961 0.80906 0.181617
1.90438 2.00238 0.61877 1 0.25 0.672447 0.707161 0.21849
2.00238 2.00238 -0 0.95 0.25 0.707053 0.707161 -1e-006
1.04008 2.52315 0.755662 0.05 0.15 0.367241 0.891035 0.266816
1.3466 2.29097 0.978361 0.05 0.2 0.47548 0.80906 0.345457
1.58302 2.29097 0.514355 0 0.2 0.558961 0.80906 0.181617
0.755662 2.52315 1.04008 0.1 0.15 0.266816 0.891035 0.367241
0.978361 2.29097 1.3466 0.1 0.2 0.345457 0.80906 0.475481
1.3466 2.29097 0.978361 0.05 0.2 0.47548 0.80906 0.345457
0.397275 2.52315 1.22269 0.15 0.15 0.140274 0.891035 0.431718
0.514355 2.29097 1.58302 0.15 0.2 0.181617 0.80906 0.558961
0.978361 2.29097 1.3466 0.1 0.2 0.345457 0.80906 0.475481
0 2.52315 1.28561 0.2 0.15 0 0.891035 0.453935
0 2.29097 1.66449 0.2 0.2 0 0.80906 0.587726
0.514355 2.29097 1.58302 0.15 0.2 0.181617 0.80906 0.558961
-0.397275 2.52315 1.22269 0.25 0.15 -0.140274 0.891035 0.431718
-0.514355 2.29097 1.58302 0.25 0.2 -0.181618 0.80906 0.558961
0 2.29097 1.66449 0.2 0.2 0 0.80906 0.587726
-0.755662 2.52315 1.04008 0.3 0.15 -0.266817 0.891035 0.367241
-0.978361 2.29097 1.3466 0.3 0.2 -0.345457 0.80906 0.47548
-0.514355 2.29097 1.58302 0.25 0.2 -0.181618 0.80906 0.558961
-1.04008 2.52315 0.755661 0.35 0.15 -0.367241 0.891035 0.266816
-1.3466 2.29097 0.978361 0.35 0.2 -0.475481 0.80906 0.345457
-0.978361 2.29097 1.3466 0.3 0.2 -0.345457 0.80906 0.47548
-1.22269 2.52315 0.397275 0.4 0.15 -0.431718 0.891035 0.140274
-1.58302 2.29097 0.514355 0.4 0.2 -0.558961 0.80906 0.181617
-1.3466 2.29097 0.978361 0.35 0.2 -0.475481 0.80906 0.345457
-1.28561 2.52315 -0 0.45 0.15 -0.453935 0.891035 -0
-1.66449 2.29097 -0 0.45 0.2 -0.587726 0.80906 -0
-1.58302 2.29097 0.514355 0.4 0.2 -0.558961 0.80906 0.181617
-1.22269 2.52315 -0.397275 0.5 0.15 -0.431718 0.891035 -0.140274
-1.58302 2.29097 -0.514355 0.5 0.2 -0.558961 0.80906 -0.181617
-1.66449 2.29097 -0 0.45 0.2 -0.587726 0.80906 -0
-1.04008 2.52315 -0.755661 0.55 0.15 -0.367241 0.891035 -0.266817
-1.3466 2.29097 -0.978361 0.55 0.2 -0.475481 0.80906 -0.345457
-1.58302 2.29097 -0.514355 0.5 0.2 -0.558961 0.80906 -0.181617
-0.755661 2.52315 -1.04008 0.6 0.15 -0.266816 0.891035 -0.367241
-0.978361 2.29097 -1.3466 0.6 0.2 -0.345457 0.80906 -0.475481
-1.3466 2.29097 -0.978361 0.55 0.2 -0.475481 0.80906 -0.345457
-0.397275 2.52315 -1.22269 0.65 0.15 -0.140274 0.891035 -0.431718
-0.514355 2.29097 -1.58302 0.65 0.2 -0.181617 0.80906 -0.558961
-0.978361 2.29097 -1.3466 0.6 0.2 -0.345457 0.80906 -0.475481
0 2.52315 -1.28561 0.7 0.15 0 0.891035 -0.453935
0 2.29097 -1.66449 0.7 0.2 0 0.80906 -0.587726
-0.514355 2.29097 -1.58302 0.65 0.2 -0.181617 0.80906 -0.558961
0.397275 2.52315 -1.22269 0.75 0.15 0.140274 0.891035 -0.431718
0.514355 2.29097 -1.58302 0.75 0.2 0.181617 0.80906 -0.558961
0 2.29097 -1.66449 0.7 0.2 0 0.80906 -0.587726
0.755661 2.52315 -1.04008 0.8 0.15 0.266816 0.891035 -0.367242
0.978361 2.29097 -1.3466 0.8 0.2 0.345457 0.80906 -0.475481
0.514355 2.29097 -1.58302 0.75 0.2 0.181617 0.80906 -0.558961
1.04008 2.52315 -0.755661 0.85 0.15 0.367241 0.891035 -0.266817
1.3466 2.29097 -0.978361 0.85 0.2 0.475481 0.80906 -0.345457
0.978361 2.29097 -1.3466 0.8 0.2 0.345457 0.80906 -0.475481
1.22269 2.52315 -0.397275 0.9 0.15 0.431718 0.891035 -0.140274
1.58302 2.29097 -0.514355 0.9 0.2 0.558961 0.80906 -0.181617
1.3466 2.29097 -0.978361 0.85 0.2 0.475481 0.80906 -0.345457
1.28561 2.52315 -0 0.95 0.15 0.453935 0.891035 -0
1.66449 2.29097 -0 0.95 0.2 0.587726 0.80906 -1e-006
1.58302 2.29097 -0.514355 0.9 0.2 0.558961 0.80906 -0.181617
1.22269 2.52315 0.397275 1 0.15 0.431718 0.891035 0.140273
1.58302 2.29097 0.514355 1 0.2 0.558961 0.80906 0.181617
1.66449 2.29097 -0 0.95 0.2 0.587726 0.80906 -1e-006
0.707949 2.6932 0.514355 0.05 0.1 0.249965 0.951071 0.18161
1.04008 2.52315 0.755662 0.05 0.15 0.367241 0.891035 0.266816
1.22269 2.52315 0.397275 0 0.15 0.431718 0.891035 0.140273
0.514355 2.6932 0.707949 0.1 0.1 0.18161 0.951071 0.249965
0.755662 2.52315 1.04008 0.1 0.15 0.266816 0.891035 0.367241
1.04008 2.52315 0.755662 0.05 0.15 0.367241 0.891035 0.266816
0.270412 2.6932 0.832244 0.15 0.1 0.095478 0.951071 0.293852
0.397275 2.52315 1.22269 0.15 0.15 0.140274 0.891035 0.431718
0.755662 2.52315 1.04008 0.1 0.15 0.266816 0.891035 0.367241
0 2.6932 0.875073 0.2 0.1 0 0.951071 0.308974
0 2.52315 1.28561 0.2 0.15 0 0.891035 0.453935
0.397275 2.52315 1.22269 0.15 0.15 0.140274 0.891035 0.431718
-0.270412 2.6932 0.832244 0.25 0.1 -0.095478 0.951071 0.293852
-0.397275 2.52315 1.22269 0.25 0.15 -0.140274 0.891035 0.431718
0 2.52315 1.28561 0.2 0.15 0 0.891035 0.453935
-0.514355 2.6932 0.707949 0.3 0.1 -0.18161 0.951071 0.249965
-0.755662 2.52315 1.04008 0.3 0.15 -0.266817 0.891035 0.367241
-0.397275 2.52315 1.22269 0.25 0.15 -0.140274 0.891035 0.431718
-0.707949 2.6932 0.514355 0.35 0.1 -0.249965 0.951071 0.18161
-1.04008 2.52315 0.755661 0.35 0.15 -0.367241 0.891035 0.266816
-0.755662 2.52315 1.04008 0.3 0.15 -0.266817 0.891035 0.367241
-0.832244 2.6932 0.270412 0.4 0.1 -0.293852 0.951071 0.095478
-1.22269 2.52315 0.397275 0.4 0.15 -0.431718 0.891035 0.140274
-1.04008 2.52315 0.755661 0.35 0.15 -0.367241 0.891035 0.266816
-0.875073 2.6932 -0 0.45 0.1 -0.308974 0.951071 -0
-1.28561 2.52315 -0 0.45 0.15 -0.453935 0.891035 -0
-1.22269 2.52315 0.397275 0.4 0.15 -0.431718 0.891035 0.140274
-0.832244 2.6932 -0.270412 0.5 0.1 -0.293852 0.95107 -0.095479
-1.22269 2.52315 -0.397275 0.5 0.15 -0.431718 0.891035 -0.140274
-1.28561 2.52315 -0 0.45 0.15 -0.453935 0.891035 -0
-0.707949 2.6932 -0.514355 0.55 0.1 -0.249965 0.951071 -0.181611
-1.04008 2.52315 -0.755661 0.55 0.15 -0.367241 0.891035 -0.266817
-1.22269 2.52315 -0.397275 0.5 0.15 -0.431718 0.891035 -0.140274
-0.514355 2.6932 -0.707949 0.6 0.1 -0.18161 0.951071 -0.249965
-0.755661 2.52315 -1.04008 0.6 0.15 -0.266816 0.891035 -0.367241
-1.04008 2.52315 -0.755661 0.55 0.15 -0.367241 0.891035 -0.266817
-0.270412 2.6932 -0.832244 0.65 0.1 -0.095478 0.951071 -0.293852
-0.397275 2.52315 -1.22269 0.65 0.15 -0.140274 0.891035 -0.431718
-0.755661 2.52315 -1.04008 0.6 0.15 -0.266816 0.891035 -0.367241
0 2.6932 -0.875073 0.7 0.1 0 0.95107 -0.308974
0 2.52315 -1.28561 0.7 0.15 0 0.891035 -0.453935
-0.397275 2.52315 -1.22269 0.65 0.15 -0.140274 0.891035 -0.431718
0.270412 2.6932 -0.832244 0.75 0.1 0.095478 0.95107 -0.293852
0.397275 2.52315 -1.22269 0.75 0.15 0.140274 0.891035 -0.431718
0 2.52315 -1.28561 0.7 0.15 0 0.891035 -0.453935
0.514355 2.6932 -0.707949 0.8 0.1 0.18161 0.951071 -0.249965
0.755661 2.52315 -1.04008 0.8 0.15 0.266816 0.891035 -0.367242
0.397275 2.52315 -1.22269 0.75 0.15 0.140274 0.891035 -0.431718
0.707949 2.6932 -0.514355 0.85 0.1 0.249965 0.951071 -0.18161
1.04008 2.52315 -0.755661 0.85 0.15 0.367241 0.891035 -0.266817
0.755661 2.52315 -1.04008 0.8 0.15 0.266816 0.891035 -0.367242
0.832244 2.6932 -0.270412 0.9 0.1 0.293852 0.95107 -0.095478
1.22269 2.52315 -0.397275 0.9 0.15 0.431718 0.891035 -0.140274
1.04008 2.52315 -0.755661 0.85 0.15 0.367241 0.891035 -0.266817
0.875073 2.6932 -0 0.95 0.1 0.308974 0.951071 -0
1.28561 2.52315 -0 0.95 0.15 0.453935 0.891035 -0
1.22269 2.52315 -0.397275 0.9 0.15 0.431718 0.891035 -0.140274
0.832244 2.6932 0.270412 1 0.1 0.293852 0.951071 0.095478
1.22269 2.52315 0.397275 1 0.15 0.431718 0.891035 0.140273
1.28561 2.52315 -0 0.95 0.15 0.453935 0.891035 -0
0.358387 2.79693 0.260383 0.05 0.05 0.126539 0.987692 0.091936
0.707949 2.6932 0.514355 0.05 0.1 0.249965 0.951071 0.18161
0.832244 2.6932 0.270412 0 0.1 0.293852 0.951071 0.095478
0.260383 2.79693 0.358387 0.1 0.05 0.091936 0.987692 0.126539
0.514355 2.6932 0.707949 0.1 0.1 0.18161 0.951071 0.249965
0.707949 2.6932 0.514355 0.05 0.1 0.249965 0.951071 0.18161
0.136892 2.79693 0.421309 0.15 0.05 0.048334 0.987692 0.148755
0.270412 2.6932 0.832244 0.15 0.1 0.095478 0.951071 0.293852
0.514355 2.6932 0.707949 0.1 0.1 0.18161 0.951071 0.249965
0 2.79693 0.44299 0.2 0.05 0 0.987692 0.15641
0 2.6932 0.875073 0.2 0.1 0 0.951071 0.308974
0.270412 2.6932 0.832244 0.15 0.1 0.095478 0.951071 0.293852
-0.136892 2.79693 0.421309 0.25 0.05 -0.048334 0.987692 0.148756
-0.270412 2.6932 0.832244 0.25 0.1 -0.095478 0.951071 0.293852
0 2.6932 0.875073 0.2 0.1 0 0.951071 0.308974
-0.260383 2.79693 0.358387 0.3 0.05 -0.091936 0.987692 0.126538
-0.514355 2.6932 0.707949 0.3 0.1 -0.18161 0.951071 0.249965
-0.270412 2.6932 0.832244 0.25 0.1 -0.095478 0.951071 0.293852
-0.358387 2.79693 0.260383 0.35 0.05 -0.126539 0.987692 0.091935
-0.707949 2.6932 0.514355 0.35 0.1 -0.249965 0.951071 0.18161
-0.514355 2.6932 0.707949 0.3 0.1 -0.18161 0.951071 0.249965
-0.421309 2.79693 0.136892 0.4 0.05 -0.148755 0.987692 0.048333
-0.832244 2.6932 0.270412 0.4 0.1 -0.293852 0.951071 0.095478
-0.707949 2.6932 0.514355 0.35 0.1 -0.249965 0.951071 0.18161
-0.44299 2.79693 -0 0.45 0.05 -0.156411 0.987692 -0
-0.875073 2.6932 -0 0.45 0.1 -0.308974 0.951071 -0
-0.832244 2.6932 0.270412 0.4 0.1 -0.293852 0.951071 0.095478
-0.421309 2.79693 -0.136892 0.5 0.05 -0.148755 0.987692 -0.048333
-0.832244 2.6932 -0.270412 0.5 0.1 -0.293852 0.95107 -0.095479
-0.875073 2.6932 -0 0.45 0.1 -0.308974 0.951071 -0
-0.358387 2.79693 -0.260383 0.55 0.05 -0.126539 0.987692 -0.091935
-0.707949 2.6932 -0.514355 0.55 0.1 -0.249965 0.951071 -0.181611
-0.832244 2.6932 -0.270412 0.5 0.1 -0.293852 0.95107 -0.095479
-0.260383 2.79693 -0.358387 0.6 0.05 -0.091936 0.987692 -0.126538
-0.514355 2.6932 -0.707949 0.6 0.1 -0.18161 0.951071 -0.249965
-0.707949 2.6932 -0.514355 0.55 0.1 -0.249965 0.951071 -0.181611
-0.136892 2.79693 -0.421309 0.65 0.05 -0.048334 0.987692 -0.148755
-0.270412 2.6932 -0.832244 0.65 0.1 -0.095478 0.951071 -0.293852
-0.514355 2.6932 -0.707949 0.6 0.1 -0.18161 0.951071 -0.249965
0 2.79693 -0.44299 0.7 0.05 0 0.987692 -0.156411
0 2.6932 -0.875073 0.7 0.1 0 0.95107 -0.308974
-0.270412 2.6932 -0.832244 0.65 0.1 -0.095478 0.951071 -0.293852
0.136891 2.79693 -0.421309 0.75 0.05 0.048334 0.987692 -0.148756
0.270412 2.6932 -0.832244 0.75 0.1 0.095478 0.95107 -0.293852
0 2.6932 -0.875073 0.7 0.1 0 0.95107 -0.308974
0.260383 2.79693 -0.358387 0.8 0.05 0.091936 0.987692 -0.126538
0.514355 2.6932 -0.707949 0.8 0.1 0.18161 0.951071 -0.249965
0.270412 2.6932 -0.832244 0.75 0.1 0.095478 0.95107 -0.293852
0.358387 2.79693 -0.260383 0.85 0.05 0.126539 0.987692 -0.091935
0.707949 2.6932 -0.514355 0.85 0.1 0.249965 0.951071 -0.18161
0.514355 2.6932 -0.707949 0.8 0.1 0.18161 0.951071 -0.249965
0.421309 2.79693 -0.136892 0.9 0.05 0.148755 0.987692 -0.048333
0.832244 2.6932 -0.270412 0.9 0.1 0.293852 0.95107 -0.095478
0.707949 2.6932 -0.514355 0.85 0.1 0.249965 0.951071 -0.18161
0.44299 2.79693 -0 0.95 0.05 0.156411 0.987692 -0
0.875073 2.6932 -0 0.95 0.1 0.308974 0.951071 -0
0.832244 2.6932 -0.270412 0.9 0.1 0.293852 0.95107 -0.095478
0.421309 2.79693 0.136892 1 0.05 0.148755 0.987692 0.048333
0.832244 2.6932 0.270412 1 0.1 0.293852 0.951071 0.095478
0.875073 2.6932 -0 0.95 0.1 0.308974 0.951071 -0
0 -2.83179 -0 0.025 1 0 -1 -0
0.421309 -2.79693 0.136892 0 0.95 0.148755 -0.987692 0.048333
0.358387 -2.79693 0.260383 0.05 0.95 0.126539 -0.987692 0.091936
0 -2.83179 -0 0.075 1 0 -1 -0
0.358387 -2.79693 0.260383 0.05 0.95 0.126539 -0.987692 0.091936
0.260383 -2.79693 0.358387 0.1 0.95 0.091936 -0.987692 0.126539
0 -2.83179 -0 0.125 1 0 -1 -0
0.260383 -2.79693 0.358387 0.1 0.95 0.091936 -0.987692 0.126539
0.136892 -2.79693 0.421309 0.15 0.95 0.048334 -0.987692 0.148755
0 -2.83179 -0 0.175 1 0 -1 -0
0.136892 -2.79693 0.421309 0.15 0.95 0.048334 -0.987692 0.148755
0 -2.79693 0.44299 0.2 0.95 -0 -0.987692 0.15641
0 -2.83179 -0 0.225 1 0 -1 -0
0 -2.79693 0.44299 0.2 0.95 -0 -0.987692 0.15641
-0.136892 -2.79693 0.421309 0.25 0.95 -0.048334 -0.987692 0.148755
0 -2.83179 -0 0.275 1 0 -1 -0
-0.136892 -2.79693 0.421309 0.25 0.95 -0.048334 -0.987692 0.148755
-0.260383 -2.79693 0.358387 0.3 0.95 -0.091936 -0.987692 0.126539
0 -2.83179 -0 0.325 1 0 -1 -0
-0.260383 -2.79693 0.358387 0.3 0.95 -0.091936 -0.987692 0.126539
-0.358387 -2.79693 0.260383 0.35 0.95 -0.126539 -0.987692 0.091936
0 -2.83179 -0 0.375 1 0 -1 -0
-0.358387 -2.79693 0.260383 0.35 0.95 -0.126539 -0.987692 0.091936
-0.421309 -2.79693 0.136892 0.4 0.95 -0.148755 -0.987692 0.048333
0 -2.83179 -0 0.425 1 0 -1 -0
-0.421309 -2.79693 0.136892 0.4 0.95 -0.148755 -0.987692 0.048333
-0.44299 -2.79693 -0 0.45 0.95 -0.156411 -0.987692 -0
0 -2.83179 -0 0.475 1 0 -1 -0
-0.44299 -2.79693 -0 0.45 0.95 -0.156411 -0.987692 -0
-0.421309 -2.79693 -0.136892 0.5 0.95 -0.148755 -0.987692 -0.048333
0 -2.83179 -0 0.525 1 0 -1 -0
-0.421309 -2.79693 -0.136892 0.5 0.95 -0.148755 -0.987692 -0.048333
-0.358387 -2.79693 -0.260383 0.55 0.95 -0.126539 -0.987692 -0.091935
0 -2.83179 -0 0.575 1 0 -1 -0
-0.358387 -2.79693 -0.260383 0.55 0.95 -0.126539 -0.987692 -0.091935
-0.260383 -2.79693 -0.358387 0.6 0.95 -0.091936 -0.987692 -0.126538
0 -2.83179 -0 0.625 1 0 -1 -0
-0.260383 -2.79693 -0.358387 0.6 0.95 -0.091936 -0.987692 -0.126538
-0.136892 -2.79693 -0.421309 0.65 0.95 -0.048334 -0.987692 -0.148756
0 -2.83179 -0 0.675 1 0 -1 -0
-0.136892 -2.79693 -0.421309 0.65 0.95 -0.048334 -0.987692 -0.148756
0 -2.79693 -0.44299 0.7 0.95 0 -0.987692 -0.156411
0 -2.83179 -0 0.725 1 0 -1 -0
0 -2.79693 -0.44299 0.7 0.95 0 -0.987692 -0.156411
0.136891 -2.79693 -0.421309 0.75 0.95 0.048334 -0.987692 -0.148756
0 -2.83179 -0 0.775 1 0 -1 -0
0.136891 -2.79693 -0.421309 0.75 0.95 0.048334 -0.987692 -0.148756
0.260383 -2.79693 -0.358387 0.8 0.95 0.091936 -0.987692 -0.126539
0 -2.83179 -0 0.825 1 0 -1 -0
0.260383 -2.79693 -0.358387 0.8 0.95 0.091936 -0.987692 -0.126539
0.358387 -2.79693 -0.260383 0.85 0.95 0.126539 -0.987692 -0.091936
0 -2.83179 -0 0.875 1 0 -1 -0
0.358387 -2.79693 -0.260383 0.85 0.95 0.126539 -0.987692 -0.091936
0.421309 -2.79693 -0.136892 0.9 0.95 0.148755 -0.987692 -0.048333
0 -2.83179 -0 0.925 1 0 -1 -0
0.421309 -2.79693 -0.136892 0.9 0.95 0.148755 -0.987692 -0.048333
0.44299 -2.79693 -0 0.95 0.95 0.156411 -0.987692 -0
0 -2.83179 -0 0.975 1 0 -1 -0
0.44299 -2.79693 -0 0.95 0.95 0.156411 -0.987692 -0
0.421309 -2.79693 0.136892 1 0.95 0.148755 -0.987692 0.048333
0 2.83179 -0 0.025 0 0 1 -0
0.358387 2.79693 0.260383 0.05 0.05 0.126539 0.987692 0.091936
0.421309 2.79693 0.136892 0 0.05 0.148755 0.987692 0.048333
0 2.83179 -0 0.075 0 0 1 -0
0.260383 2.79693 0.358387 0.1 0.05 0.091936 0.987692 0.126539
0.358387 2.79693 0.260383 0.05 0.05 0.126539 0.987692 0.091936
0 2.83179 -0 0.125 0 0 1 -0
0.136892 2.79693 0.421309 0.15 0.05 0.048334 0.987692 0.148755
0.260383 2.79693 0.358387 0.1 0.05 0.091936 0.987692 0.126539
0 2.83179 -0 0.175 0 0 1 -0
0 2.79693 0.44299 0.2 0.05 0 0.987692 0.15641
0.136892 2.79693 0.421309 0.15 0.05 0.048334 0.987692 0.148755
0 2.83179 -0 0.225 0 0 1 -0
-0.136892 2.79693 0.421309 0.25 0.05 -0.048334 0.987692 0.148756
0 2.79693 0.44299 0.2 0.05 0 0.987692 0.15641
0 2.83179 -0 0.275 0 0 1 -0
-0.260383 2.79693 0.358387 0.3 0.05 -0.091936 0.987692 0.126538
-0.136892 2.79693 0.421309 0.25 0.05 -0.048334 0.987692 0.148756
0 2.83179 -0 0.325 0 0 1 -0
-0.358387 2.79693 0.260383 0.35 0.05 -0.126539 0.987692 0.091935
-0.260383 2.79693 0.358387 0.3 0.05 -0.091936 0.987692 0.126538
0 2.83179 -0 0.375 0 0 1 -0
-0.421309 2.79693 0.136892 0.4 0.05 -0.148755 0.987692 0.048333
-0.358387 2.79693 0.260383 0.35 0.05 -0.126539 0.987692 0.091935
0 2.83179 -0 0.425 0 0 1 -0
-0.44299 2.79693 -0 0.45 0.05 -0.156411 0.987692 -0
-0.421309 2.79693 0.136892 0.4 0.05 -0.148755 0.987692 0.048333
0 2.83179 -0 0.475 0 0 1 -0
-0.421309 2.79693 -0.136892 0.5 0.05 -0.148755 0.987692 -0.048333
-0.44299 2.79693 -0 0.45 0.05 -0.156411 0.987692 -0
0 2.83179 -0 0.525 0 0 1 -0
-0.358387 2.79693 -0.260383 0.55 0.05 -0.126539 0.987692 -0.091935
-0.421309 2.79693 -0.136892 0.5 0.05 -0.148755 0.987692 -0.048333
0 2.83179 -0 0.575 0 0 1 -0
-0.260383 2.79693 -0.358387 0.6 0.05 -0.091936 0.987692 -0.126538
-0.358387 2.79693 -0.260383 0.55 0.05 -0.126539 0.987692 -0.091935
0 2.83179 -0 0.625 0 0 1 -0
-0.136892 2.79693 -0.421309 0.65 0.05 -0.048334 0.987692 -0.148755
-0.260383 2.79693 -0.358387 0.6 0.05 -0.091936 0.987692 -0.126538
0 2.83179 -0 0.675 0 0 1 -0
0 2.79693 -0.44299 0.7 0.05 0 0.987692 -0.156411
-0.136892 2.79693 -0.421309 0.65 0.05 -0.048334 0.987692 -0.148755
0 2.83179 -0 0.725 0 0 1 -0
0.136891 2.79693 -0.421309 0.75 0.05 0.048334 0.987692 -0.148756
0 2.79693 -0.44299 0.7 0.05 0 0.987692 -0.156411
0 2.83179 -0 0.775 0 0 1 -0
0.260383 2.79693 -0.358387 0.8 0.05 0.091936 0.987692 -0.126538
0.136891 2.79693 -0.421309 0.75 0.05 0.048334 0.987692 -0.148756
0 2.83179 -0 0.825 0 0 1 -0
0.358387 2.79693 -0.260383 0.85 0.05 0.126539 0.987692 -0.091935
0.260383 2.79693 -0.358387 0.8 0.05 0.091936 0.987692 -0.126538
0 2.83179 -0 0.875 0 0 1 -0
0.421309 2.79693 -0.136892 0.9 0.05 0.148755 0.987692 -0.048333
0.358387 2.79693 -0.260383 0.85 0.05 0.126539 0.987692 -0.091935
0 2.83179 -0 0.925 0 0 1 -0
0.44299 2.79693 -0 0.95 0.05 0.156411 0.987692 -0
0.421309 2.79693 -0.136892 0.9 0.05 0.148755 0.987692 -0.048333
0 2.83179 -0 0.975 0 0 1 -0
0.421309 2.79693 0.136892 1 0.05 0.148755 0.987692 0.048333
0.44299 2.79693 -0 0.95 0.05 0.156411 0.987692 -0
